Data:,0.002
Data:,0.002
Data:,0.002
Data:,0.002
Data:,0.002
Data:,0.002
Data:,0.002
Data:,0.002
Data:,0.002
Data:,0.003
Data:,0.002
Data:,0.001
Data:,0.001
Data:,0.001
Data:,0.001
Data:,0.003
Data:,0.003
Data:,0.001
Data:,0.001
Data:,0.001
Data:,0.002
Data:,0.001
Data:,0.001
Data:,0.001
Data:,0.001
Data:,0.001
Data:,0.001
Data:,0.001
Data:,0.001
Data:,0.001
Data:,0.001
Data:,0.001
Data:,0.001
Data:,0.001
Data:,0.001
Data:,0.001
Data:,0.001
Data:,0.001
Data:,0.001
Data:,0.001
Data:,0.001
Data:,0.001
Data:,0.001
Data:,0.001
Data:,0.001
Data:,0.001
Data:,0.001
Data:,0.001
Data:,0.001
Data:,0.001
Data:,0.001
Data:,0.001
Data:,0.001
Data:,0.001
Data:,0.001
Data:,0.001
Data:,0.001
Data:,0.001
Data:,0.001
Data:,0.001
Data:,0.001
Data:,0.001
Data:,0.001
Data:,0.001
Data:,0.001
Data:,0.001
Data:,0.001
Data:,0.001
Data:,0.001
Data:,0.001
Data:,0.001
Data:,0.001
Data:,0.001
Data:,0.001
Data:,0.001
Data:,0.001
Data:,0.001
Data:,0.001
Data:,0.001
Data:,0.001
Data:,0.001
Data:,0.001
Data:,0.001
Data:,0.001
Data:,0.001
Data:,0.001
Data:,0.001
Data:,0.001
Data:,0.001
Data:,0.001
Data:,0.001
Data:,0.001
Data:,0.001
Data:,0.001
Data:,0.001
Data:,0.001
Data:,0.001
Data:,0.001
Data:,0.001
Data:,0.001
Data:,0.001
Data:,0.001
Data:,0.001
Data:,0.001
Data:,0.001
Data:,0.001
Data:,0.001
Data:,0.001
Data:,0.001
Data:,0.001
Data:,0.001
Data:,0.001
Data:,0.001
Data:,0.001
Data:,0.001
Data:,0.001
Data:,0.001
Data:,0.001
Data:,0.001
Data:,0.001
Data:,0.001
Data:,0.001
Data:,0.001
Data:,0.001
Data:,0.001
Data:,0.001
Data:,0.001
Data:,0.001
Data:,0.001
Data:,0.001
Data:,0.001
Data:,0.001
Data:,0.001
Data:,0.001
Data:,0.001
Data:,0.001
Data:,0.001
Data:,0.001
Data:,0.001
Data:,0.002
Data:,0.001
Data:,0.001
Data:,0.001
Data:,0.001
Data:,0.001
Data:,0.001
Data:,0.001
Data:,0.001
Data:,0.001
Data:,0.001
Data:,0.001
Data:,0.001
Data:,0.001
Data:,0.001
Data:,0.001
Data:,0.001
Data:,0.001
Data:,0.001
Data:,0.001
Data:,0.001
Data:,0.001
Data:,0.001
Data:,0.001
Data:,0.001
Data:,0.001
Data:,0.001
Data:,0.001
Data:,0.001
Data:,0.001
Data:,0.001
Data:,0.001
Data:,0.001
Data:,0.001
Data:,0.001
Data:,0.001
Data:,0.001
Data:,0.001
Data:,0.001
Data:,0.001
Data:,0.001
Data:,0.001
Data:,0.001
Data:,0.001
Data:,0.001
Data:,0.002
Data:,0.001
Data:,0.001
Data:,0.001
Data:,0.001
Data:,0.001
Data:,0.001
Data:,0.001
Data:,0.001
Data:,0.001
Data:,0.001
Data:,0.001
Data:,0.001
Data:,0.001
Data:,0.001
Data:,0.001
Data:,0.001
Data:,0.001
Data:,0.001
Data:,0.001
Data:,0.001
Data:,0.001
Data:,0.001
Data:,0.001
Data:,0.001
Data:,0.001
Data:,0.001
Data:,0.001
Data:,0.001
Data:,0.001
Data:,0.001
Data:,0.001
Data:,0.001
Data:,0.001
Data:,0.001
Data:,0.001
Data:,0.001
Data:,0.001
Data:,0.001
Data:,0.001
Data:,0.001
Data:,0.001
Data:,0.001
Data:,0.001
Data:,0.001
Data:,0.001
Data:,0.001
Data:,0.001
Data:,0.001
Data:,0.001
Data:,0.001
Data:,0.001
Data:,0.001
Data:,0.001
Data:,0.001
Data:,0.001
Data:,0.001
Data:,0.002
Data:,0.002
Data:,0.001
Data:,0.001
Data:,0.001
Data:,0.001
Data:,0.001
Data:,0.001
Data:,0.002
Data:,0.002
Data:,0.001
Data:,0.001
Data:,0.001
Data:,0.001
Data:,0.001
Data:,0.001
Data:,0.001
Data:,0.002
Data:,0.001
Data:,0.001
Data:,0.001
Data:,0.001
Data:,0.001
Data:,0.001
Data:,0.001
Data:,0.001
Data:,0.001
Data:,0.001
Data:,0.001
Data:,0.001
Data:,0.001
Data:,0.001
Data:,0.001
Data:,0.001
Data:,0.001
Data:,0.001
Data:,0.001
Data:,0.001
Data:,0.001
Data:,0.001
Data:,0.001
Data:,0.001
Data:,0.001
Data:,0.001
Data:,0.001
Data:,0.002
Data:,0.001
Data:,0.001
Data:,0.001
Data:,0.001
Data:,0.001
Data:,0.001
Data:,0.001
Data:,0.001
Data:,0.001
Data:,0.001
Data:,0.001
Data:,0.001
Data:,0.001
Data:,0.001
Data:,0.001
Data:,0.001
Data:,0.001
Data:,0.001
Data:,0.001
Data:,0.001
Data:,0.001
Data:,0.001
Data:,0.001
Data:,0.001
Data:,0.001
Data:,0.001
Data:,0.001
Data:,0.001
Data:,0.001
Data:,0.001
Data:,0.001
Data:,0.001
Data:,0.001
Data:,0.001
Data:,0.001
Data:,0.001
Data:,0.001
Data:,0.001
Data:,0.001
Data:,0.001
Data:,0.001
Data:,0.001
Data:,0.001
Data:,0.001
Data:,0.001
Data:,0.001
Data:,0.001
Data:,0.001
Data:,0.001
Data:,0.001
Data:,0.001
Data:,0.001
Data:,0.001
Data:,0.001
Data:,0.001
Data:,0.001
Data:,0.001
Data:,0.001
Data:,0.001
Data:,0.001
Data:,0.002
Data:,0.002
Data:,0.001
Data:,0.001
Data:,0.001
Data:,0.001
Data:,0.001
Data:,0.001
Data:,0.001
Data:,0.001
Data:,0.001
Data:,0.001
Data:,0.001
Data:,0.001
Data:,0.001
Data:,0.001
Data:,0.001
Data:,0.001
Data:,0.001
Data:,0.001
Data:,0.001
Data:,0.001
Data:,0.001
Data:,0.001
Data:,0.001
Data:,0.001
Data:,0.001
Data:,0.001
Data:,0.001
Data:,0.001
Data:,0.001
Data:,0.002
Data:,0.002
Data:,0.001
Data:,0.001
Data:,0.001
Data:,0.001
Data:,0.001
Data:,0.001
Data:,0.001
Data:,0.001
Data:,0.001
Data:,0.001
Data:,0.001
Data:,0.001
Data:,0.001
Data:,0.001
Data:,0.001
Data:,0.001
Data:,0.001
Data:,0.001
Data:,0.001
Data:,0.001
Data:,0.001
Data:,0.001
Data:,0.001
Data:,0.001
Data:,0.001
Data:,0.001
Data:,0.001
Data:,0.001
Data:,0.001
Data:,0.001
Data:,0.002
Data:,0.001
Data:,0.001
Data:,0.001
Data:,0.001
Data:,0.001
Data:,0.001
Data:,0.001
Data:,0.001
Data:,0.001
Data:,0.001
Data:,0.001
Data:,0.001
Data:,0.001
Data:,0.001
Data:,0.001
Data:,0.001
Data:,0.001
Data:,0.001
Data:,0.001
Data:,0.001
Data:,0.001
Data:,0.001
Data:,0.001
Data:,0.001
Data:,0.001
Data:,0.001
Data:,0.001
Data:,0.001
Data:,0.001
Data:,0.001
Data:,0.002
Data:,0.001
Data:,0.001
Data:,0.001
Data:,0.001
Data:,0.001
Data:,0.001
Data:,0.001
Data:,0.001
Data:,0.001
Data:,0.001
Data:,0.001
Data:,0.001
Data:,0.001
Data:,0.001
Data:,0.001
Data:,0.001
Data:,0.001
Data:,0.001
Data:,0.001
Data:,0.001
Data:,0.001
Data:,0.001
Data:,0.001
Data:,0.001
Data:,0.001
Data:,0.001
Data:,0.001
Data:,0.001
Data:,0.001
Data:,0.002
Data:,0.001
Data:,0.001
Data:,0.001
Data:,0.001
Data:,0.001
Data:,0.001
Data:,0.001
Data:,0.001
Data:,0.001
Data:,0.001
Data:,0.001
Data:,0.001
Data:,0.001
Data:,0.001
Data:,0.001
Data:,0.001
Data:,0.001
Data:,184.048
Data:,0.002
Data:,0.001
Data:,0.001
Data:,0.001
Data:,0.001
Data:,0.001
Data:,0.001
Data:,0.001
Data:,0.001
Data:,0.002
Data:,0.002
Data:,0.001
Data:,0.001
Data:,0.002
Data:,0.001
Data:,0.001
Data:,0.001
Data:,0.001
Data:,0.001
Data:,0.001
Data:,0.001
Data:,0.001
Data:,0.001
Data:,0.001
Data:,0.001
Data:,0.001
Data:,0.001
Data:,0.001
Data:,0.001
Data:,0.001
Data:,0.001
Data:,0.001
Data:,0.001
Data:,0.001
Data:,0.001
Data:,0.001
Data:,0.001
Data:,0.001
Data:,0.001
Data:,0.001
Data:,0.001
Data:,0.001
Data:,0.001
Data:,0.001
Data:,0.001
Data:,0.001
Data:,0.001
Data:,0.001
Data:,0.001
Data:,0.001
Data:,0.001
Data:,0.001
Data:,0.001
Data:,0.001
Data:,0.001
Data:,0.001
Data:,0.001
Data:,0.001
Data:,0.001
Data:,0.001
Data:,0.001
Data:,0.001
Data:,0.001
Data:,0.001
Data:,0.001
Data:,0.001
Data:,0.001
Data:,0.001
Data:,0.001
Data:,0.001
Data:,0.001
Data:,0.001
Data:,0.001
Data:,0.001
Data:,0.001
Data:,0.002
Data:,0.001
Data:,0.001
Data:,0.001
Data:,0.001
Data:,0.001
Data:,0.001
Data:,0.001
Data:,0.001
Data:,0.001
Data:,0.001
Data:,0.001
Data:,0.001
Data:,0.001
Data:,0.001
Data:,0.001
Data:,0.001
Data:,0.001
Data:,0.001
Data:,0.001
Data:,0.001
Data:,0.001
Data:,0.001
Data:,0.001
Data:,0.001
Data:,0.001
Data:,0.001
Data:,0.001
Data:,0.001
Data:,0.002
Data:,0.001
Data:,0.001
Data:,0.002
Data:,0.002
Data:,0.001
Data:,0.001
Data:,0.001
Data:,0.001
Data:,0.001
Data:,0.001
Data:,0.001
Data:,0.001
Data:,0.001
Data:,0.001
Data:,0.001
Data:,0.001
Data:,0.001
Data:,0.001
Data:,0.001
Data:,0.001
Data:,0.001
Data:,0.001
Data:,0.001
Data:,0.002
Data:,0.001
Data:,0.001
Data:,0.001
Data:,0.001
Data:,0.001
Data:,0.001
Data:,0.002
Data:,0.002
Data:,0.001
Data:,0.001
Data:,0.001
Data:,0.001
Data:,0.001
Data:,0.001
Data:,0.001
Data:,0.001
Data:,0.001
Data:,0.001
Data:,0.001
Data:,0.001
Data:,0.001
Data:,0.001
Data:,0.001
Data:,0.001
Data:,0.001
Data:,0.001
Data:,0.001
Data:,0.001
Data:,0.001
Data:,0.001
Data:,0.001
Data:,0.001
Data:,0.001
Data:,0.001
Data:,0.001
Data:,0.001
Data:,0.001
Data:,0.001
Data:,0.002
Data:,0.002
Data:,0.001
Data:,0.001
Data:,0.001
Data:,0.001
Data:,0.001
Data:,0.001
Data:,0.001
Data:,0.001
Data:,0.001
Data:,0.001
Data:,0.001
Data:,0.001
Data:,0.001
Data:,0.001
Data:,0.001
Data:,0.001
Data:,0.001
Data:,0.001
Data:,0.001
Data:,0.001
Data:,0.001
Data:,0.001
Data:,0.001
Data:,0.001
Data:,0.001
Data:,0.001
Data:,0.001
Data:,0.001
Data:,0.002
Data:,0.002
Data:,0.001
Data:,0.001
Data:,0.001
Data:,0.001
Data:,0.001
Data:,0.001
Data:,0.001
Data:,0.001
Data:,0.001
Data:,0.001
Data:,0.001
Data:,0.001
Data:,0.001
Data:,0.001
Data:,0.001
Data:,0.001
Data:,0.001
Data:,0.001
Data:,0.001
Data:,0.001
Data:,0.001
Data:,0.001
Data:,0.001
Data:,0.001
Data:,0.001
Data:,0.001
Data:,0.001
Data:,0.001
Data:,0.001
Data:,0.001
Data:,0.002
Data:,0.001
Data:,0.001
Data:,0.001
Data:,0.001
Data:,0.001
Data:,0.001
Data:,0.001
Data:,0.001
Data:,0.001
Data:,0.001
Data:,0.001
Data:,0.001
Data:,0.001
Data:,0.001
Data:,0.001
Data:,0.001
Data:,0.001
Data:,0.001
Data:,0.001
Data:,0.001
Data:,0.001
Data:,0.001
Data:,0.001
Data:,0.001
Data:,0.001
Data:,0.001
Data:,0.001
Data:,0.001
Data:,0.001
Data:,0.002
Data:,0.001
Data:,0.001
Data:,0.001
Data:,0.001
Data:,0.001
Data:,0.001
Data:,0.001
Data:,0.001
Data:,0.001
Data:,0.001
Data:,0.001
Data:,0.001
Data:,0.001
Data:,0.001
Data:,0.001
Data:,0.001
Data:,0.001
Data:,0.001
Data:,0.001
Data:,0.001
Data:,0.001
Data:,0.001
Data:,0.001
Data:,0.001
Data:,0.001
Data:,0.001
Data:,0.001
Data:,0.001
Data:,0.001
Data:,0.001
Data:,0.001
Data:,0.002
Data:,0.001
Data:,0.001
Data:,0.001
Data:,0.001
Data:,0.001
Data:,0.001
Data:,0.001
Data:,0.001
Data:,0.001
Data:,0.001
Data:,0.001
Data:,0.001
Data:,0.001
Data:,0.001
Data:,0.001
Data:,0.001
Data:,0.001
Data:,0.001
Data:,0.001
Data:,0.001
Data:,0.001
Data:,0.001
Data:,0.001
Data:,0.001
Data:,0.001
Data:,0.001
Data:,0.001
Data:,0.001
Data:,0.001
Data:,0.001
Data:,0.001
Data:,0.001
Data:,0.001
Data:,0.001
Data:,0.001
Data:,0.001
Data:,0.001
Data:,0.001
Data:,0.001
Data:,0.001
Data:,0.001
Data:,0.001
Data:,0.001
Data:,0.001
Data:,0.001
Data:,0.001
Data:,0.001
Data:,0.001
Data:,0.001
Data:,0.001
Data:,0.001
Data:,0.001
Data:,0.001
Data:,0.001
Data:,0.001
Data:,0.001
Data:,0.001
Data:,0.001
Data:,0.001
Data:,0.001
Data:,0.002
Data:,0.001
Data:,0.001
Data:,0.001
Data:,0.001
Data:,0.001
Data:,0.001
Data:,0.001
Data:,0.001
Data:,0.001
Data:,0.001
Data:,0.001
Data:,0.001
Data:,0.001
Data:,0.001
Data:,0.001
Data:,0.001
Data:,0.002
Data:,0.001
Data:,0.001
Data:,0.001
Data:,0.001
Data:,0.001
Data:,0.001
Data:,0.001
Data:,0.001
Data:,0.001
Data:,0.001
Data:,0.001
Data:,0.001
Data:,0.001
Data:,0.001
Data:,0.001
Data:,0.001
Data:,0.001
Data:,0.001
Data:,0.001
Data:,0.001
Data:,0.001
Data:,0.001
Data:,0.001
Data:,0.001
Data:,0.001
Data:,0.001
Data:,0.001
Data:,0.001
Data:,0.001
Data:,0.001
Data:,0.001
Data:,0.001
Data:,0.001
Data:,0.001
Data:,0.001
Data:,0.001
Data:,0.001
Data:,0.001
Data:,0.001
Data:,0.001
Data:,0.001
Data:,0.001
Data:,0.001
Data:,0.001
Data:,0.002
Data:,0.001
Data:,0.001
Data:,0.001
Data:,0.001
Data:,0.001
Data:,0.001
Data:,0.001
Data:,0.001
Data:,0.001
Data:,0.001
Data:,0.001
Data:,0.001
Data:,0.001
Data:,0.001
Data:,0.001
Data:,0.001
Data:,0.001
Data:,0.001
Data:,0.001
Data:,0.001
Data:,0.001
Data:,0.001
Data:,0.001
Data:,0.001
Data:,0.001
Data:,0.001
Data:,0.001
Data:,0.001
Data:,0.001
Data:,0.001
Data:,0.001
Data:,0.002
Data:,0.001
Data:,0.001
Data:,0.001
Data:,0.001
Data:,0.001
Data:,0.001
Data:,0.001
Data:,0.001
Data:,0.001
Data:,0.001
Data:,0.001
Data:,0.001
Data:,0.001
Data:,0.001
Data:,0.001
Data:,0.001
Data:,0.002
Data:,0.002
Data:,0.001
Data:,0.001
Data:,0.001
Data:,0.001
Data:,0.001
Data:,0.001
Data:,0.001
Data:,0.001
Data:,0.001
Data:,0.001
Data:,0.001
Data:,0.002
Data:,0.001
Data:,0.001
Data:,0.001
Data:,0.001
Data:,0.001
Data:,0.001
Data:,0.002
Data:,0.002
Data:,0.001
Data:,0.001
Data:,0.001
Data:,0.002
Data:,0.001
Data:,0.001
Data:,0.001
Data:,0.001
Data:,0.001
Data:,0.001
Data:,0.001
Data:,0.001
Data:,0.001
Data:,0.001
Data:,0.001
Data:,0.001
Data:,0.001
Data:,0.001
Data:,0.001
Data:,0.001
Data:,0.001
Data:,0.001
Data:,0.002
Data:,0.001
Data:,0.001
Data:,0.001
Data:,0.001
Data:,0.001
Data:,0.001
Data:,0.001
Data:,0.001
Data:,0.001
Data:,0.001
Data:,0.001
Data:,0.001
Data:,0.001
Data:,0.001
Data:,0.001
Data:,0.001
Data:,0.001
Data:,0.001
Data:,0.001
Data:,0.001
Data:,0.001
Data:,0.001
Data:,0.001
Data:,0.001
Data:,0.001
Data:,0.001
Data:,0.001
Data:,0.001
Data:,0.001
Data:,0.002
Data:,0.001
Data:,0.001
Data:,0.001
Data:,0.001
Data:,0.001
Data:,0.001
Data:,0.001
Data:,0.001
Data:,0.001
Data:,0.001
Data:,0.001
Data:,0.001
Data:,0.001
Data:,0.001
Data:,0.001
Data:,0.001
Data:,0.001
Data:,0.001
Data:,0.001
Data:,0.001
Data:,0.001
Data:,0.001
Data:,0.001
Data:,0.001
Data:,0.001
Data:,0.001
Data:,0.001
Data:,0.001
Data:,0.001
Data:,0.001
Data:,0.001
Data:,0.001
Data:,0.001
Data:,0.001
Data:,0.001
Data:,0.001
Data:,0.001
Data:,0.001
Data:,0.001
Data:,0.001
Data:,0.001
Data:,0.001
Data:,0.001
Data:,0.001
Data:,0.001
Data:,0.001
Data:,0.001
Data:,0.001
Data:,0.001
Data:,0.001
Data:,0.001
Data:,0.001
Data:,0.001
Data:,0.001
Data:,0.001
Data:,0.001
Data:,0.001
Data:,0.001
Data:,0.001
Data:,0.001
Data:,0.001
Data:,0.001
Data:,0.001
Data:,0.001
Data:,0.001
Data:,0.001
Data:,0.001
Data:,0.001
Data:,0.001
Data:,0.002
Data:,0.001
Data:,0.001
Data:,0.001
Data:,0.001
Data:,0.001
Data:,0.001
Data:,0.001
Data:,0.001
Data:,0.001
Data:,0.001
Data:,0.001
Data:,0.001
Data:,0.001
Data:,0.001
Data:,0.001
Data:,0.001
Data:,0.001
Data:,0.001
Data:,0.003
Data:,0.003
Data:,0.001
Data:,0.001
Data:,0.001
Data:,0.002
Data:,0.001
Data:,0.001
Data:,0.001
Data:,0.001
Data:,0.001
Data:,0.001
Data:,0.001
Data:,0.001
Data:,0.002
Data:,0.002
Data:,0.001
Data:,0.001
Data:,0.001
Data:,0.001
Data:,0.001
Data:,0.001
Data:,0.001
Data:,0.001
Data:,0.001
Data:,0.001
Data:,0.001
Data:,0.001
Data:,0.001
Data:,0.001
Data:,0.001
Data:,0.001
Data:,0.001
Data:,0.001
Data:,0.001
Data:,0.001
Data:,0.001
Data:,0.002
Data:,0.002
Data:,0.001
Data:,0.001
Data:,0.001
Data:,0.001
Data:,0.001
Data:,0.001
Data:,0.001
Data:,0.001
Data:,0.001
Data:,0.001
Data:,0.001
Data:,0.001
Data:,0.001
Data:,0.001
Data:,0.001
Data:,0.001
Data:,0.001
Data:,0.001
Data:,0.001
Data:,0.001
Data:,0.001
Data:,0.001
Data:,0.001
Data:,0.001
Data:,0.001
Data:,0.001
Data:,0.001
Data:,0.001
Data:,0.001
Data:,0.001
Data:,0.001
Data:,0.001
Data:,0.001
Data:,0.001
Data:,0.001
Data:,0.001
Data:,0.001
Data:,0.001
Data:,0.001
Data:,0.001
Data:,0.001
Data:,0.001
Data:,0.001
Data:,0.001
Data:,0.001
Data:,0.001
Data:,0.001
Data:,0.001
Data:,0.001
Data:,0.001
Data:,0.001
Data:,0.001
Data:,0.001
Data:,0.001
Data:,0.001
Data:,0.001
Data:,0.002
Data:,0.001
Data:,0.001
Data:,0.001
Data:,0.002
Data:,0.001
Data:,0.001
Data:,0.001
Data:,0.001
Data:,0.001
Data:,0.001
Data:,0.001
Data:,0.001
Data:,0.001
Data:,0.001
Data:,0.001
Data:,0.001
Data:,0.001
Data:,0.001
Data:,0.001
Data:,0.001
Data:,0.001
Data:,0.001
Data:,0.001
Data:,0.001
Data:,0.001
Data:,0.001
Data:,0.001
Data:,0.001
Data:,0.001
Data:,0.001
Data:,0.001
Data:,0.001
Data:,0.001
Data:,0.001
Data:,0.001
Data:,0.001
Data:,0.002
Data:,0.001
Data:,0.001
Data:,0.001
Data:,0.001
Data:,0.001
Data:,0.001
Data:,0.001
Data:,0.001
Data:,0.001
Data:,0.001
Data:,0.001
Data:,0.001
Data:,0.001
Data:,0.001
Data:,0.001
Data:,0.001
Data:,0.001
Data:,0.001
Data:,0.001
Data:,0.001
Data:,0.001
Data:,0.001
Data:,0.001
Data:,0.001
Data:,0.001
Data:,0.001
Data:,0.001
Data:,0.001
Data:,0.001
Data:,0.001
Data:,0.001
Data:,0.002
Data:,0.001
Data:,0.001
Data:,0.001
Data:,0.001
Data:,0.001
Data:,0.001
Data:,0.001
Data:,0.002
Data:,0.002
Data:,0.001
Data:,0.001
Data:,0.001
Data:,0.001
Data:,0.001
Data:,0.001
Data:,0.001
Data:,0.001
Data:,0.001
Data:,0.001
Data:,0.001
Data:,0.001
Data:,0.001
Data:,0.001
Data:,0.001
Data:,0.001
Data:,0.001
Data:,0.001
Data:,0.002
Data:,0.002
Data:,0.001
Data:,0.001
Data:,0.001
Data:,0.001
Data:,0.001
Data:,0.001
Data:,0.001
Data:,0.001
Data:,0.001
Data:,0.001
Data:,0.001
Data:,0.001
Data:,0.001
Data:,0.001
Data:,0.001
Data:,0.001
Data:,0.001
Data:,0.001
Data:,0.001
Data:,0.001
Data:,0.001
Data:,0.001
Data:,0.001
Data:,0.001
Data:,0.001
Data:,0.001
Data:,0.001
Data:,0.002
Data:,0.002
Data:,0.001
Data:,0.001
Data:,0.002
Data:,0.002
Data:,0.001
Data:,0.001
Data:,0.001
Data:,0.001
Data:,0.001
Data:,0.001
Data:,0.001
Data:,0.001
Data:,0.001
Data:,0.001
Data:,0.001
Data:,0.001
Data:,0.001
Data:,0.001
Data:,0.001
Data:,0.001
Data:,0.001
Data:,0.001
Data:,0.001
Data:,0.001
Data:,0.001
Data:,0.001
Data:,0.001
Data:,0.001
Data:,0.001
Data:,0.001
Data:,0.001
Data:,0.001
Data:,0.002
Data:,0.001
Data:,0.001
Data:,0.001
Data:,0.001
Data:,0.001
Data:,0.001
Data:,0.001
Data:,0.001
Data:,0.001
Data:,0.001
Data:,0.001
Data:,0.001
Data:,0.001
Data:,0.001
Data:,0.001
Data:,0.001
Data:,0.001
Data:,0.001
Data:,0.001
Data:,0.001
Data:,0.001
Data:,0.001
Data:,0.001
Data:,0.001
Data:,0.001
Data:,0.001
Data:,0.001
Data:,0.001
Data:,0.001
Data:,0.001
Data:,0.001
Data:,0.002
Data:,0.002
Data:,0.001
Data:,0.001
Data:,0.001
Data:,0.001
Data:,0.001
Data:,0.001
Data:,0.001
Data:,0.001
Data:,0.001
Data:,0.001
Data:,0.001
Data:,0.001
Data:,0.001
Data:,0.001
Data:,0.001
Data:,0.001
Data:,0.001
Data:,0.001
Data:,0.001
Data:,0.001
Data:,0.001
Data:,0.001
Data:,0.001
Data:,0.001
Data:,0.001
Data:,0.001
Data:,0.001
Data:,0.001
Data:,0.001
Data:,0.001
Data:,0.002
Data:,0.001
Data:,0.001
Data:,0.001
Data:,0.001
Data:,0.001
Data:,0.001
Data:,0.001
Data:,0.001
Data:,0.001
Data:,0.001
Data:,0.001
Data:,0.002
Data:,0.001
Data:,0.001
Data:,0.001
Data:,0.001
Data:,0.002
Data:,0.001
Data:,0.001
Data:,0.001
Data:,0.001
Data:,0.002
Data:,0.002
Data:,0.001
Data:,0.001
Data:,0.001
Data:,0.001
Data:,0.001
Data:,0.001
Data:,0.002
Data:,0.001
Data:,0.001
Data:,0.001
Data:,0.001
Data:,0.001
Data:,0.001
Data:,0.001
Data:,0.001
Data:,0.001
Data:,0.001
Data:,0.001
Data:,0.001
Data:,0.001
Data:,0.001
Data:,0.001
Data:,0.001
Data:,0.001
Data:,0.001
Data:,0.001
Data:,0.001
Data:,0.001
Data:,0.001
Data:,0.001
Data:,0.001
Data:,0.001
Data:,0.001
Data:,0.001
Data:,0.001
Data:,0.001
Data:,0.001
Data:,0.001
Data:,0.002
Data:,0.002
Data:,0.001
Data:,0.001
Data:,0.001
Data:,0.001
Data:,0.001
Data:,0.001
Data:,0.001
Data:,0.001
Data:,0.001
Data:,0.001
Data:,0.001
Data:,0.001
Data:,0.001
Data:,0.001
Data:,0.001
Data:,0.001
Data:,184.589
Data:,0.001
Data:,0.001
Data:,0.001
Data:,0.001
Data:,0.001
Data:,0.001
Data:,0.001
Data:,0.001
Data:,0.001
Data:,0.001
Data:,0.001
Data:,0.001
Data:,0.001
Data:,0.002
Data:,0.001
Data:,0.001
Data:,0.001
Data:,0.001
Data:,0.001
Data:,0.001
Data:,0.001
Data:,0.001
Data:,0.001
Data:,0.001
Data:,0.001
Data:,0.001
Data:,0.001
Data:,0.001
Data:,0.001
Data:,0.001
Data:,0.001
Data:,0.001
Data:,0.001
Data:,0.001
Data:,0.001
Data:,0.001
Data:,0.001
Data:,0.001
Data:,0.001
Data:,0.001
Data:,0.001
Data:,0.002
Data:,0.004
Data:,0.002
Data:,0.001
Data:,0.001
Data:,0.001
Data:,0.001
Data:,0.001
Data:,0.001
Data:,0.001
Data:,0.001
Data:,0.001
Data:,0.001
Data:,0.001
Data:,0.001
Data:,0.001
Data:,0.001
Data:,0.001
Data:,0.001
Data:,0.001
Data:,0.001
Data:,0.001
Data:,0.001
Data:,0.001
Data:,0.001
Data:,0.001
Data:,0.001
Data:,0.001
Data:,0.001
Data:,0.001
Data:,0.001
Data:,0.001
Data:,0.001
Data:,0.001
Data:,0.002
Data:,0.002
Data:,0.001
Data:,0.001
Data:,0.001
Data:,0.001
Data:,0.001
Data:,0.001
Data:,0.001
Data:,0.001
Data:,0.001
Data:,0.001
Data:,0.001
Data:,0.002
Data:,0.001
Data:,0.001
Data:,0.001
Data:,0.001
Data:,0.001
Data:,0.001
Data:,0.001
Data:,0.001
Data:,0.001
Data:,0.001
Data:,0.001
Data:,0.001
Data:,0.001
Data:,0.001
Data:,0.001
Data:,0.001
Data:,0.001
Data:,0.001
Data:,0.001
Data:,0.001
Data:,0.001
Data:,0.001
Data:,0.001
Data:,0.001
Data:,0.001
Data:,0.001
Data:,0.001
Data:,0.001
Data:,0.001
Data:,0.001
Data:,0.001
Data:,0.001
Data:,0.001
Data:,0.001
Data:,0.001
Data:,0.001
Data:,0.001
Data:,0.001
Data:,0.001
Data:,0.001
Data:,0.001
Data:,0.001
Data:,0.001
Data:,0.001
Data:,0.001
Data:,0.001
Data:,0.001
Data:,0.002
Data:,0.001
Data:,0.001
Data:,0.001
Data:,0.001
Data:,0.001
Data:,0.001
Data:,0.001
Data:,0.001
Data:,0.001
Data:,0.001
Data:,0.001
Data:,0.002
Data:,0.002
Data:,0.001
Data:,0.001
Data:,0.001
Data:,0.001
Data:,0.001
Data:,0.001
Data:,0.001
Data:,0.001
Data:,0.001
Data:,0.001
Data:,0.001
Data:,0.001
Data:,0.001
Data:,0.001
Data:,0.001
Data:,0.001
Data:,0.001
Data:,0.001
Data:,0.001
Data:,0.001
Data:,0.001
Data:,0.001
Data:,0.001
Data:,0.001
Data:,0.001
Data:,0.001
Data:,0.001
Data:,0.001
Data:,0.001
Data:,0.001
Data:,0.001
Data:,0.002
Data:,0.002
Data:,0.001
Data:,0.001
Data:,0.001
Data:,0.001
Data:,0.001
Data:,0.001
Data:,0.002
Data:,0.002
Data:,0.001
Data:,0.001
Data:,0.001
Data:,0.001
Data:,0.001
Data:,0.001
Data:,0.001
Data:,0.001
Data:,0.001
Data:,0.001
Data:,0.001
Data:,0.001
Data:,0.001
Data:,0.001
Data:,0.001
Data:,0.001
Data:,0.001
Data:,0.001
Data:,0.001
Data:,0.001
Data:,0.001
Data:,0.001
Data:,0.001
Data:,0.001
Data:,0.001
Data:,0.001
Data:,0.001
Data:,0.001
Data:,0.001
Data:,0.001
Data:,0.001
Data:,0.001
Data:,0.001
Data:,0.001
Data:,0.001
Data:,0.001
Data:,0.001
Data:,0.001
Data:,0.001
Data:,0.002
Data:,0.001
Data:,0.001
Data:,0.001
Data:,0.001
Data:,0.001
Data:,0.001
Data:,0.001
Data:,0.001
Data:,0.001
Data:,0.001
Data:,0.001
Data:,0.001
Data:,0.001
Data:,0.001
Data:,0.001
Data:,0.001
Data:,0.002
Data:,0.001
Data:,0.001
Data:,0.001
Data:,0.001
Data:,0.001
Data:,0.001
Data:,0.001
Data:,0.001
Data:,0.001
Data:,0.001
Data:,0.001
Data:,0.001
Data:,0.001
Data:,0.001
Data:,0.001
Data:,0.001
Data:,0.001
Data:,0.001
Data:,0.001
Data:,0.001
Data:,0.001
Data:,0.001
Data:,0.001
Data:,0.001
Data:,0.001
Data:,0.001
Data:,0.001
Data:,0.001
Data:,0.001
Data:,0.001
Data:,0.001
Data:,0.001
Data:,0.001
Data:,0.001
Data:,0.001
Data:,0.001
Data:,0.001
Data:,0.001
Data:,0.001
Data:,0.001
Data:,0.001
Data:,0.001
Data:,0.001
Data:,0.001
Data:,0.001
Data:,0.001
Data:,0.001
Data:,0.001
Data:,0.001
Data:,0.001
Data:,0.001
Data:,0.001
Data:,0.001
Data:,0.002
Data:,0.001
Data:,0.001
Data:,0.001
Data:,0.001
Data:,0.001
Data:,0.001
Data:,0.001
Data:,0.001
Data:,0.001
Data:,0.001
Data:,0.001
Data:,0.001
Data:,0.001
Data:,0.002
Data:,0.003
Data:,0.002
Data:,0.001
Data:,0.001
Data:,0.001
Data:,0.001
Data:,0.001
Data:,0.001
Data:,0.002
Data:,0.001
Data:,0.001
Data:,0.001
Data:,0.001
Data:,0.001
Data:,0.001
Data:,0.001
Data:,0.001
Data:,0.001
Data:,0.001
Data:,0.001
Data:,0.001
Data:,0.001
Data:,0.001
Data:,0.001
Data:,0.001
Data:,0.001
Data:,0.001
Data:,0.001
Data:,0.001
Data:,0.001
Data:,0.001
Data:,0.001
Data:,0.001
Data:,0.001
Data:,0.001
Data:,0.001
Data:,0.001
Data:,0.002
Data:,0.001
Data:,0.001
Data:,0.001
Data:,0.001
Data:,0.001
Data:,0.001
Data:,0.001
Data:,0.001
Data:,0.001
Data:,0.001
Data:,0.001
Data:,0.001
Data:,0.001
Data:,0.001
Data:,0.001
Data:,0.001
Data:,0.001
Data:,0.001
Data:,0.001
Data:,0.001
Data:,0.001
Data:,0.001
Data:,0.001
Data:,0.001
Data:,0.001
Data:,0.001
Data:,0.001
Data:,0.001
Data:,0.001
Data:,0.001
Data:,0.001
Data:,0.001
Data:,0.002
Data:,0.002
Data:,0.001
Data:,0.001
Data:,0.001
Data:,0.001
Data:,0.001
Data:,0.001
Data:,0.001
Data:,0.001
Data:,0.001
Data:,0.001
Data:,0.001
Data:,0.001
Data:,0.001
Data:,0.001
Data:,0.001
Data:,0.001
Data:,0.001
Data:,0.001
Data:,0.001
Data:,0.001
Data:,0.001
Data:,0.001
Data:,0.001
Data:,0.001
Data:,0.001
Data:,0.001
Data:,0.001
Data:,0.002
Data:,0.001
Data:,0.001
Data:,0.001
Data:,0.002
Data:,0.001
Data:,0.001
Data:,0.002
Data:,0.001
Data:,0.001
Data:,0.001
Data:,0.001
Data:,0.001
Data:,0.001
Data:,0.001
Data:,0.001
Data:,0.001
Data:,0.001
Data:,0.001
Data:,0.001
Data:,0.001
Data:,0.001
Data:,0.001
Data:,0.001
Data:,0.001
Data:,0.001
Data:,0.001
Data:,0.001
Data:,0.001
Data:,0.001
Data:,0.001
Data:,0.001
Data:,0.001
Data:,0.001
Data:,0.001
Data:,0.001
Data:,0.002
Data:,0.002
Data:,0.001
Data:,0.001
Data:,0.001
Data:,0.001
Data:,0.001
Data:,0.001
Data:,0.001
Data:,0.001
Data:,0.001
Data:,0.001
Data:,0.001
Data:,0.001
Data:,0.001
Data:,0.001
Data:,0.001
Data:,0.001
Data:,0.001
Data:,0.001
Data:,0.001
Data:,0.001
Data:,0.001
Data:,0.001
Data:,0.001
Data:,0.001
Data:,0.001
Data:,0.001
Data:,0.001
Data:,0.001
Data:,0.001
Data:,0.001
Data:,0.001
Data:,0.001
Data:,0.001
Data:,0.001
Data:,0.001
Data:,0.001
Data:,0.001
Data:,0.001
Data:,0.001
Data:,0.001
Data:,0.001
Data:,0.001
Data:,0.001
Data:,0.001
Data:,0.001
Data:,0.001
Data:,0.001
Data:,0.001
Data:,0.001
Data:,0.001
Data:,0.001
Data:,0.002
Data:,0.001
Data:,0.001
Data:,0.001
Data:,0.001
Data:,0.001
Data:,0.001
Data:,0.001
Data:,0.001
Data:,0.002
Data:,0.002
Data:,0.001
Data:,0.001
Data:,0.001
Data:,0.001
Data:,0.001
Data:,0.001
Data:,0.001
Data:,0.001
Data:,0.001
Data:,0.001
Data:,0.001
Data:,0.001
Data:,0.001
Data:,0.001
Data:,0.001
Data:,0.001
Data:,0.001
Data:,0.001
Data:,0.001
Data:,0.001
Data:,0.001
Data:,0.001
Data:,0.001
Data:,0.001
Data:,0.001
Data:,0.001
Data:,0.002
Data:,0.002
Data:,0.002
Data:,0.003
Data:,0.004
Data:,0.003
Data:,0.001
Data:,0.001
Data:,0.001
Data:,0.001
Data:,0.001
Data:,0.001
Data:,0.001
Data:,0.001
Data:,0.001
Data:,0.001
Data:,0.001
Data:,0.001
Data:,0.001
Data:,0.001
Data:,0.002
Data:,0.002
Data:,0.001
Data:,0.001
Data:,0.001
Data:,0.001
Data:,0.001
Data:,0.001
Data:,0.001
Data:,0.001
Data:,0.001
Data:,0.001
Data:,0.001
Data:,0.001
Data:,0.001
Data:,0.001
Data:,0.001
Data:,0.001
Data:,0.001
Data:,0.001
Data:,0.001
Data:,0.001
Data:,0.001
Data:,0.001
Data:,0.001
Data:,0.001
Data:,0.001
Data:,0.001
Data:,0.001
Data:,0.001
Data:,0.001
Data:,0.001
Data:,0.001
Data:,0.001
Data:,0.001
Data:,0.001
Data:,0.001
Data:,0.001
Data:,0.001
Data:,0.001
Data:,0.001
Data:,0.001
Data:,0.001
Data:,0.001
Data:,0.001
Data:,0.001
Data:,0.001
Data:,0.001
Data:,0.001
Data:,0.001
Data:,0.001
Data:,0.001
Data:,0.001
Data:,0.001
Data:,0.001
Data:,0.001
Data:,0.001
Data:,0.001
Data:,0.001
Data:,0.001
Data:,0.001
Data:,0.001
Data:,0.001
Data:,0.001
Data:,0.001
Data:,0.001
Data:,0.001
Data:,0.001
Data:,0.001
Data:,0.001
Data:,0.001
Data:,0.001
Data:,0.001
Data:,0.001
Data:,0.001
Data:,0.001
Data:,0.001
Data:,0.001
Data:,0.001
Data:,0.001
Data:,0.001
Data:,0.001
Data:,0.002
Data:,0.002
Data:,0.001
Data:,0.001
Data:,0.001
Data:,0.001
Data:,0.001
Data:,0.001
Data:,0.001
Data:,0.001
Data:,0.001
Data:,0.001
Data:,0.002
Data:,0.002
Data:,0.001
Data:,0.001
Data:,0.001
Data:,0.001
Data:,0.002
Data:,0.001
Data:,0.001
Data:,0.001
Data:,0.001
Data:,0.001
Data:,0.001
Data:,0.001
Data:,0.001
Data:,0.001
Data:,0.001
Data:,0.001
Data:,0.001
Data:,0.001
Data:,0.001
Data:,0.002
Data:,0.001
Data:,0.001
Data:,0.001
Data:,0.001
Data:,0.002
Data:,0.001
Data:,0.001
Data:,0.001
Data:,0.001
Data:,0.001
Data:,0.001
Data:,0.001
Data:,0.001
Data:,0.001
Data:,0.001
Data:,0.001
Data:,0.001
Data:,0.001
Data:,0.001
Data:,0.001
Data:,0.001
Data:,0.001
Data:,0.001
Data:,0.001
Data:,0.001
Data:,0.001
Data:,0.001
Data:,0.001
Data:,0.001
Data:,0.001
Data:,0.001
Data:,0.001
Data:,0.001
Data:,0.001
Data:,0.001
Data:,0.001
Data:,0.001
Data:,0.001
Data:,0.001
Data:,0.001
Data:,0.001
Data:,0.001
Data:,0.001
Data:,0.001
Data:,0.001
Data:,0.001
Data:,0.001
Data:,0.001
Data:,0.001
Data:,0.001
Data:,0.001
Data:,0.001
Data:,0.001
Data:,0.001
Data:,0.001
Data:,0.001
Data:,0.001
Data:,0.001
Data:,0.001
Data:,0.001
Data:,0.001
Data:,0.001
Data:,0.001
Data:,0.001
Data:,0.001
Data:,0.001
Data:,0.001
Data:,0.001
Data:,0.002
Data:,0.001
Data:,0.001
Data:,0.001
Data:,0.001
Data:,0.001
Data:,0.001
Data:,0.001
Data:,0.001
Data:,0.001
Data:,0.001
Data:,0.001
Data:,0.001
Data:,0.001
Data:,0.001
Data:,0.001
Data:,0.001
Data:,0.001
Data:,0.001
Data:,0.001
Data:,0.001
Data:,0.001
Data:,0.001
Data:,0.001
Data:,0.001
Data:,0.001
Data:,0.001
Data:,0.001
Data:,0.001
Data:,0.001
Data:,0.001
Data:,0.001
Data:,0.001
Data:,0.001
Data:,0.001
Data:,0.001
Data:,0.002
Data:,0.001
Data:,0.001
Data:,0.001
Data:,0.001
Data:,0.001
Data:,0.001
Data:,0.001
Data:,0.001
Data:,0.001
Data:,0.001
Data:,0.001
Data:,0.001
Data:,0.001
Data:,0.001
Data:,0.001
Data:,0.001
Data:,0.001
Data:,0.001
Data:,0.001
Data:,0.001
Data:,0.001
Data:,0.001
Data:,0.001
Data:,0.001
Data:,0.001
Data:,0.001
Data:,0.001
Data:,0.001
Data:,0.001
Data:,0.001
Data:,0.001
Data:,0.001
Data:,0.001
Data:,0.001
Data:,0.001
Data:,0.001
Data:,0.001
Data:,0.001
Data:,0.001
Data:,0.001
Data:,0.001
Data:,0.001
Data:,0.001
Data:,0.001
Data:,0.001
Data:,0.001
Data:,0.001
Data:,0.001
Data:,0.001
Data:,0.001
Data:,0.001
Data:,0.001
Data:,0.001
Data:,0.001
Data:,0.001
Data:,0.001
Data:,0.001
Data:,0.001
Data:,0.001
Data:,0.001
Data:,0.001
Data:,0.001
Data:,0.001
Data:,0.001
Data:,0.001
Data:,0.001
Data:,0.001
Data:,0.001
Data:,0.001
Data:,0.001
Data:,0.002
Data:,0.002
Data:,0.001
Data:,0.001
Data:,0.001
Data:,0.001
Data:,0.001
Data:,0.001
Data:,0.002
Data:,0.001
Data:,0.001
Data:,0.001
Data:,0.001
Data:,0.001
Data:,0.001
Data:,0.001
Data:,0.001
Data:,0.001
Data:,0.001
Data:,0.001
Data:,0.001
Data:,0.001
Data:,0.001
Data:,0.001
Data:,0.001
Data:,0.002
Data:,0.002
Data:,0.001
Data:,0.001
Data:,0.001
Data:,0.001
Data:,0.001
Data:,0.001
Data:,0.001
Data:,0.001
Data:,0.001
Data:,0.001
Data:,0.001
Data:,0.001
Data:,0.001
Data:,0.001
Data:,0.002
Data:,0.002
Data:,0.001
Data:,0.001
Data:,0.001
Data:,0.001
Data:,0.001
Data:,0.001
Data:,0.002
Data:,0.001
Data:,0.001
Data:,0.001
Data:,0.001
Data:,0.001
Data:,0.001
Data:,0.001
Data:,0.001
Data:,0.001
Data:,0.001
Data:,0.001
Data:,0.001
Data:,0.001
Data:,0.001
Data:,0.001
Data:,0.001
Data:,0.001
Data:,0.001
Data:,0.001
Data:,0.001
Data:,0.001
Data:,0.001
Data:,0.001
Data:,0.001
Data:,0.001
Data:,0.001
Data:,0.001
Data:,0.001
Data:,0.001
Data:,0.001
Data:,0.001
Data:,0.002
Data:,0.002
Data:,0.001
Data:,0.001
Data:,0.001
Data:,0.001
Data:,0.001
Data:,0.001
Data:,0.001
Data:,0.001
Data:,0.001
Data:,0.001
Data:,0.001
Data:,0.001
Data:,0.001
Data:,0.001
Data:,0.001
Data:,0.001
Data:,0.001
Data:,0.001
Data:,0.001
Data:,0.001
Data:,0.001
Data:,0.001
Data:,0.001
Data:,0.001
Data:,0.001
Data:,0.001
Data:,0.001
Data:,0.001
Data:,0.001
Data:,0.001
Data:,0.001
Data:,0.001
Data:,0.001
Data:,0.001
Data:,0.003
Data:,0.003
Data:,0.001
Data:,0.001
Data:,0.001
Data:,0.001
Data:,0.001
Data:,0.001
Data:,0.001
Data:,0.001
Data:,0.002
Data:,0.001
Data:,0.001
Data:,0.001
Data:,0.001
Data:,0.001
Data:,0.001
Data:,0.001
Data:,0.001
Data:,0.001
Data:,0.001
Data:,0.001
Data:,0.001
Data:,0.001
Data:,0.001
Data:,0.001
Data:,0.001
Data:,0.001
Data:,0.001
Data:,0.001
Data:,0.001
Data:,0.001
Data:,0.001
Data:,0.001
Data:,0.001
Data:,0.001
Data:,0.001
Data:,0.001
Data:,0.001
Data:,0.001
Data:,0.001
Data:,0.001
Data:,0.001
Data:,0.001
Data:,0.001
Data:,0.001
Data:,0.001
Data:,0.001
Data:,0.001
Data:,0.001
Data:,0.001
Data:,0.002
Data:,0.001
Data:,0.001
Data:,0.001
Data:,0.001
Data:,0.001
Data:,0.001
Data:,0.001
Data:,0.001
Data:,0.001
Data:,0.001
Data:,0.001
Data:,0.002
Data:,0.001
Data:,0.001
Data:,0.001
Data:,0.002
Data:,0.002
Data:,0.001
Data:,0.001
Data:,0.001
Data:,0.001
Data:,0.001
Data:,0.001
Data:,0.001
Data:,0.001
Data:,0.001
Data:,0.001
Data:,0.001
Data:,0.002
Data:,0.002
Data:,0.002
Data:,0.002
Data:,0.001
Data:,0.001
Data:,0.001
Data:,0.001
Data:,0.001
Data:,0.001
Data:,0.001
Data:,0.001
Data:,0.001
Data:,0.001
Data:,0.001
Data:,0.001
Data:,0.001
Data:,0.001
Data:,0.001
Data:,0.001
Data:,0.001
Data:,0.001
Data:,0.001
Data:,0.001
Data:,0.001
Data:,0.001
Data:,0.001
Data:,0.001
Data:,0.001
Data:,0.001
Data:,0.001
Data:,0.001
Data:,0.001
Data:,0.001
Data:,0.001
Data:,0.001
Data:,0.001
Data:,0.001
Data:,0.001
Data:,0.001
Data:,0.001
Data:,0.001
Data:,0.001
Data:,0.001
Data:,0.001
Data:,0.002
Data:,0.001
Data:,0.001
Data:,0.001
Data:,0.001
Data:,0.001
Data:,0.001
Data:,0.001
Data:,0.001
Data:,0.001
Data:,0.001
Data:,0.001
Data:,0.001
Data:,0.001
Data:,0.001
Data:,0.001
Data:,0.001
Data:,0.001
Data:,0.001
Data:,0.001
Data:,0.001
Data:,0.001
Data:,0.001
Data:,0.001
Data:,0.001
Data:,0.001
Data:,0.001
Data:,0.001
Data:,0.001
Data:,0.001
Data:,0.001
Data:,0.001
Data:,0.001
Data:,0.001
Data:,0.001
Data:,0.001
Data:,0.001
Data:,0.001
Data:,0.001
Data:,0.001
Data:,0.001
Data:,0.002
Data:,0.001
Data:,0.001
Data:,0.001
Data:,0.001
Data:,0.001
Data:,0.001
Data:,0.001
Data:,0.001
Data:,0.001
Data:,0.001
Data:,0.001
Data:,0.001
Data:,0.001
Data:,0.001
Data:,0.001
Data:,0.001
Data:,0.001
Data:,0.001
Data:,0.001
Data:,0.001
Data:,0.001
Data:,0.001
Data:,0.001
Data:,0.001
Data:,0.001
Data:,0.001
Data:,0.001
Data:,0.001
Data:,0.001
Data:,0.001
Data:,0.001
Data:,0.001
Data:,0.001
Data:,0.001
Data:,0.001
Data:,0.001
Data:,0.001
Data:,0.001
Data:,0.001
Data:,0.001
Data:,0.001
Data:,0.001
Data:,0.001
Data:,0.001
Data:,0.001
Data:,0.001
Data:,0.001
Data:,0.001
Data:,0.001
Data:,0.001
Data:,0.001
Data:,0.001
Data:,0.001
Data:,0.001
Data:,0.001
Data:,0.001
Data:,0.001
Data:,0.001
Data:,0.001
Data:,0.001
Data:,0.001
Data:,0.001
Data:,0.001
Data:,0.001
Data:,0.001
Data:,0.001
Data:,0.001
Data:,0.001
Data:,0.001
Data:,0.001
Data:,0.001
Data:,0.001
Data:,0.001
Data:,0.001
Data:,0.001
Data:,0.001
Data:,0.001
Data:,0.001
Data:,0.001
Data:,0.001
Data:,0.002
Data:,0.001
Data:,0.001
Data:,0.001
Data:,0.001
Data:,0.001
Data:,0.001
Data:,0.001
Data:,0.001
Data:,0.001
Data:,0.001
Data:,0.001
Data:,0.001
Data:,0.001
Data:,0.001
Data:,0.001
Data:,0.001
Data:,0.001
Data:,0.001
Data:,0.001
Data:,0.001
Data:,0.001
Data:,0.001
Data:,0.001
Data:,0.001
Data:,0.001
Data:,0.001
Data:,0.001
Data:,0.001
Data:,0.001
Data:,0.001
Data:,0.001
Data:,0.001
Data:,0.001
Data:,0.002
Data:,0.001
Data:,0.001
Data:,0.001
Data:,0.001
Data:,0.001
Data:,0.001
Data:,0.001
Data:,0.001
Data:,0.001
Data:,0.001
Data:,0.001
Data:,0.001
Data:,0.001
Data:,0.001
Data:,0.001
Data:,0.001
Data:,0.001
Data:,0.001
Data:,0.001
Data:,0.001
Data:,0.001
Data:,0.001
Data:,0.001
Data:,0.001
Data:,0.001
Data:,0.001
Data:,0.001
Data:,0.001
Data:,0.001
Data:,0.001
Data:,0.001
Data:,0.001
Data:,0.001
Data:,0.001
Data:,0.001
Data:,0.001
Data:,0.001
Data:,0.001
Data:,0.001
Data:,0.001
Data:,0.001
Data:,0.001
Data:,0.001
Data:,0.001
Data:,0.001
Data:,0.001
Data:,0.001
Data:,0.001
Data:,0.001
Data:,0.001
Data:,0.001
Data:,0.001
Data:,0.001
Data:,0.001
Data:,0.001
Data:,0.001
Data:,0.001
Data:,0.001
Data:,0.001
Data:,0.001
Data:,0.001
Data:,0.001
Data:,0.001
Data:,0.001
Data:,0.001
Data:,0.001
Data:,0.001
Data:,0.001
Data:,0.001
Data:,0.001
Data:,0.001
Data:,0.001
Data:,0.001
Data:,0.001
Data:,0.001
Data:,0.001
Data:,0.001
Data:,0.001
Data:,0.001
Data:,0.001
Data:,0.001
Data:,0.001
Data:,0.001
Data:,0.001
Data:,0.001
Data:,0.001
Data:,0.001
Data:,0.001
Data:,0.002
Data:,0.001
Data:,0.001
Data:,0.001
Data:,0.001
Data:,0.001
Data:,0.001
Data:,0.001
Data:,0.001
Data:,0.001
Data:,0.001
Data:,0.001
Data:,0.002
Data:,0.002
Data:,0.001
Data:,0.001
Data:,0.001
Data:,0.001
Data:,0.001
Data:,0.001
Data:,0.001
Data:,0.001
Data:,0.001
Data:,0.001
Data:,0.001
Data:,0.001
Data:,0.001
Data:,0.001
Data:,0.001
Data:,0.001
Data:,0.001
Data:,0.001
Data:,0.001
Data:,0.001
Data:,0.001
Data:,0.001
Data:,0.002
Data:,0.002
Data:,0.001
Data:,0.001
Data:,0.002
Data:,0.002
Data:,0.001
Data:,0.001
Data:,0.001
Data:,0.001
Data:,0.001
Data:,0.001
Data:,0.001
Data:,0.001
Data:,0.001
Data:,0.001
Data:,0.001
Data:,0.001
Data:,0.001
Data:,0.001
Data:,0.001
Data:,0.001
Data:,0.001
Data:,0.001
Data:,0.001
Data:,0.001
Data:,0.001
Data:,0.001
Data:,0.001
Data:,0.001
Data:,0.001
Data:,0.001
Data:,0.001
Data:,0.001
Data:,0.001
Data:,0.001
Data:,0.001
Data:,0.001
Data:,0.001
Data:,0.001
Data:,0.001
Data:,0.001
Data:,0.001
Data:,0.001
Data:,0.001
Data:,0.001
Data:,0.001
Data:,0.001
Data:,0.001
Data:,0.001
Data:,0.001
Data:,0.001
Data:,0.001
Data:,0.001
Data:,0.001
Data:,0.001
Data:,0.001
Data:,0.001
Data:,0.001
Data:,0.001
Data:,0.001
Data:,0.001
Data:,0.001
Data:,0.001
Data:,0.001
Data:,0.001
Data:,0.001
Data:,0.001
Data:,0.001
Data:,0.001
Data:,0.001
Data:,0.001
Data:,0.001
Data:,0.001
Data:,0.001
Data:,0.001
Data:,0.001
Data:,0.001
Data:,0.001
Data:,0.001
Data:,0.001
Data:,0.001
Data:,0.001
Data:,0.001
Data:,0.001
Data:,0.001
Data:,0.001
Data:,0.001
Data:,0.001
Data:,0.001
Data:,0.001
Data:,0.001
Data:,0.001
Data:,0.001
Data:,0.001
Data:,0.001
Data:,0.001
Data:,0.001
Data:,0.001
Data:,0.001
Data:,0.001
Data:,0.001
Data:,0.001
Data:,0.001
Data:,0.001
Data:,0.001
Data:,0.001
Data:,0.001
Data:,0.001
Data:,0.001
Data:,0.001
Data:,0.001
Data:,0.001
Data:,0.001
Data:,0.001
Data:,0.001
Data:,0.001
Data:,0.001
Data:,0.001
Data:,0.001
Data:,0.001
Data:,0.001
Data:,0.001
Data:,0.001
Data:,0.002
Data:,0.001
Data:,0.001
Data:,0.001
Data:,0.001
Data:,0.001
Data:,0.001
Data:,0.001
Data:,0.001
Data:,0.001
Data:,0.001
Data:,0.001
Data:,0.001
Data:,0.001
Data:,0.001
Data:,0.001
Data:,0.001
Data:,0.001
Data:,0.001
Data:,0.001
Data:,0.001
Data:,0.001
Data:,0.001
Data:,0.001
Data:,0.001
Data:,0.001
Data:,0.001
Data:,0.001
Data:,0.001
Data:,0.001
Data:,0.001
Data:,0.001
Data:,0.001
Data:,0.001
Data:,0.001
Data:,0.001
Data:,0.001
Data:,0.001
Data:,0.001
Data:,0.001
Data:,0.001
Data:,0.001
Data:,0.001
Data:,0.001
Data:,0.001
Data:,0.001
Data:,0.001
Data:,0.001
Data:,0.001
Data:,0.001
Data:,0.001
Data:,0.001
Data:,0.001
Data:,0.001
Data:,0.001
Data:,0.001
Data:,0.001
Data:,0.001
Data:,0.001
Data:,0.001
Data:,0.001
Data:,0.001
Data:,0.001
Data:,0.001
Data:,0.001
Data:,0.001
Data:,0.001
Data:,0.001
Data:,0.001
Data:,0.001
Data:,0.001
Data:,0.001
Data:,0.001
Data:,0.002
Data:,0.001
Data:,0.001
Data:,0.001
Data:,0.001
Data:,0.001
Data:,0.001
Data:,0.001
Data:,0.001
Data:,0.001
Data:,0.001
Data:,0.001
Data:,0.001
Data:,0.001
Data:,0.001
Data:,0.001
Data:,0.001
Data:,0.001
Data:,0.001
Data:,0.001
Data:,0.001
Data:,0.001
Data:,0.001
Data:,0.001
Data:,0.001
Data:,0.001
Data:,0.001
Data:,0.001
Data:,0.001
Data:,0.001
Data:,0.001
Data:,0.001
Data:,0.001
Data:,0.001
Data:,0.001
Data:,0.001
Data:,0.001
Data:,0.001
Data:,0.001
Data:,0.001
Data:,0.001
Data:,0.001
Data:,0.001
Data:,0.001
Data:,0.001
Data:,0.001
Data:,0.001
Data:,0.001
Data:,0.001
Data:,0.001
Data:,0.001
Data:,0.001
Data:,0.001
Data:,0.002
Data:,0.002
Data:,0.001
Data:,0.001
Data:,0.001
Data:,0.001
Data:,0.001
Data:,0.001
Data:,0.001
Data:,0.001
Data:,0.001
Data:,0.001
Data:,0.001
Data:,0.001
Data:,0.001
Data:,0.001
Data:,0.001
Data:,0.001
Data:,0.001
Data:,0.001
Data:,0.001
Data:,0.001
Data:,0.001
Data:,0.001
Data:,0.001
Data:,0.001
Data:,0.001
Data:,0.001
Data:,0.001
Data:,0.001
Data:,0.001
Data:,0.001
Data:,0.001
Data:,0.001
Data:,0.001
Data:,0.001
Data:,0.001
Data:,0.001
Data:,0.001
Data:,0.001
Data:,0.001
Data:,0.002
Data:,0.002
Data:,0.001
Data:,0.001
Data:,0.001
Data:,0.001
Data:,0.001
Data:,0.001
Data:,0.001
Data:,0.001
Data:,0.001
Data:,0.001
Data:,0.001
Data:,0.001
Data:,0.001
Data:,0.001
Data:,0.001
Data:,0.001
Data:,0.001
Data:,0.001
Data:,0.001
Data:,0.001
Data:,0.001
Data:,0.001
Data:,0.001
Data:,0.001
Data:,0.001
Data:,0.001
Data:,0.001
Data:,0.001
Data:,0.001
Data:,0.001
Data:,0.001
Data:,0.001
Data:,0.001
Data:,0.001
Data:,0.001
Data:,0.001
Data:,0.001
Data:,0.001
Data:,0.001
Data:,0.001
Data:,0.001
Data:,0.001
Data:,0.001
Data:,0.001
Data:,0.001
Data:,0.001
Data:,0.001
Data:,0.001
Data:,0.001
Data:,0.001
Data:,0.001
Data:,0.001
Data:,0.001
Data:,0.002
Data:,0.003
Data:,0.002
Data:,0.002
Data:,0.001
Data:,0.001
Data:,0.001
Data:,0.001
Data:,0.001
Data:,0.001
Data:,0.001
Data:,0.001
Data:,0.001
Data:,0.001
Data:,0.002
Data:,0.002
Data:,0.001
Data:,0.001
Data:,0.002
Data:,0.002
Data:,0.001
Data:,0.001
Data:,0.001
Data:,0.001
Data:,0.001
Data:,0.001
Data:,0.001
Data:,0.001
Data:,0.001
Data:,0.001
Data:,0.001
Data:,0.001
Data:,0.001
Data:,0.001
Data:,0.001
Data:,0.001
Data:,0.001
Data:,0.001
Data:,0.001
Data:,0.001
Data:,0.001
Data:,0.001
Data:,0.001
Data:,0.001
Data:,0.001
Data:,0.001
Data:,0.001
Data:,0.001
Data:,0.001
Data:,0.001
Data:,0.001
Data:,0.001
Data:,0.001
Data:,0.001
Data:,0.001
Data:,0.001
Data:,0.001
Data:,0.001
Data:,0.001
Data:,0.001
Data:,0.001
Data:,0.001
Data:,0.001
Data:,0.001
Data:,0.001
Data:,0.001
Data:,0.001
Data:,0.001
Data:,0.001
Data:,0.001
Data:,0.001
Data:,0.001
Data:,0.001
Data:,0.001
Data:,0.001
Data:,0.001
Data:,0.001
Data:,0.001
Data:,0.001
Data:,0.001
Data:,0.001
Data:,0.001
Data:,0.001
Data:,0.001
Data:,0.001
Data:,0.001
Data:,0.001
Data:,0.001
Data:,0.001
Data:,0.001
Data:,0.001
Data:,0.001
Data:,0.001
Data:,0.001
Data:,0.001
Data:,0.001
Data:,0.001
Data:,0.001
Data:,0.001
Data:,0.001
Data:,0.001
Data:,0.001
Data:,0.001
Data:,0.001
Data:,0.002
Data:,0.001
Data:,0.001
Data:,0.001
Data:,0.002
Data:,0.002
Data:,0.001
Data:,0.001
Data:,0.001
Data:,0.001
Data:,0.001
Data:,0.001
Data:,0.001
Data:,0.001
Data:,0.001
Data:,0.001
Data:,0.001
Data:,0.001
Data:,0.001
Data:,0.001
Data:,0.001
Data:,0.001
Data:,0.001
Data:,0.001
Data:,0.001
Data:,0.001
Data:,0.001
Data:,0.001
Data:,0.001
Data:,0.001
Data:,0.002
Data:,0.001
Data:,0.001
Data:,0.001
Data:,0.002
Data:,0.001
Data:,0.001
Data:,0.001
Data:,0.001
Data:,0.001
Data:,0.001
Data:,0.001
Data:,0.001
Data:,0.001
Data:,0.001
Data:,0.001
Data:,0.001
Data:,0.001
Data:,0.001
Data:,0.001
Data:,0.001
Data:,0.001
Data:,0.001
Data:,0.001
Data:,0.001
Data:,0.001
Data:,0.001
Data:,0.001
Data:,0.001
Data:,0.001
Data:,0.001
Data:,0.001
Data:,0.001
Data:,0.001
Data:,0.001
Data:,0.001
Data:,0.001
Data:,0.001
Data:,0.001
Data:,0.001
Data:,0.001
Data:,0.001
Data:,0.001
Data:,0.001
Data:,0.001
Data:,0.001
Data:,0.001
Data:,0.001
Data:,0.001
Data:,0.001
Data:,0.001
Data:,0.001
Data:,0.001
Data:,0.001
Data:,0.001
Data:,0.001
Data:,0.001
Data:,0.001
Data:,0.001
Data:,0.001
Data:,0.001
Data:,0.001
Data:,0.001
Data:,0.001
Data:,0.001
Data:,0.001
Data:,0.001
Data:,0.001
Data:,0.001
Data:,0.001
Data:,0.001
Data:,0.001
Data:,0.002
Data:,0.001
Data:,0.001
Data:,0.001
Data:,0.001
Data:,0.001
Data:,0.001
Data:,0.001
Data:,0.001
Data:,0.001
Data:,0.001
Data:,0.001
Data:,0.001
Data:,0.001
Data:,0.001
Data:,0.001
Data:,0.001
Data:,0.001
Data:,0.001
Data:,0.001
Data:,0.001
Data:,0.001
Data:,0.001
Data:,0.001
Data:,0.001
Data:,0.001
Data:,0.001
Data:,0.001
Data:,0.001
Data:,0.001
Data:,0.001
Data:,0.001
Data:,0.001
Data:,0.001
Data:,0.001
Data:,0.001
Data:,0.001
Data:,0.001
Data:,0.001
Data:,0.001
Data:,0.001
Data:,0.001
Data:,0.001
Data:,0.001
Data:,0.001
Data:,0.001
Data:,0.001
Data:,0.001
Data:,0.001
Data:,0.001
Data:,0.001
Data:,0.001
Data:,0.001
Data:,0.001
Data:,0.001
Data:,0.002
Data:,0.001
Data:,0.001
Data:,0.001
Data:,0.001
Data:,0.001
Data:,0.001
Data:,0.001
Data:,0.001
Data:,0.001
Data:,0.001
Data:,0.001
Data:,0.001
Data:,0.001
Data:,0.001
Data:,0.001
Data:,0.001
Data:,0.001
Data:,0.001
Data:,0.001
Data:,0.001
Data:,0.001
Data:,0.001
Data:,0.001
Data:,0.001
Data:,0.001
Data:,0.001
Data:,0.001
Data:,0.001
Data:,0.001
Data:,0.001
Data:,0.001
Data:,0.001
Data:,0.001
Data:,0.001
Data:,0.001
Data:,0.001
Data:,0.001
Data:,0.001
Data:,0.001
Data:,0.001
Data:,0.001
Data:,0.001
Data:,0.001
Data:,0.001
Data:,0.001
Data:,0.001
Data:,0.001
Data:,0.001
Data:,0.001
Data:,0.001
Data:,0.001
Data:,0.001
Data:,0.001
Data:,0.001
Data:,0.001
Data:,0.001
Data:,0.001
Data:,0.001
Data:,0.001
Data:,0.001
Data:,0.001
Data:,0.001
Data:,0.001
Data:,0.001
Data:,0.001
Data:,0.001
Data:,0.001
Data:,0.001
Data:,0.001
Data:,0.001
Data:,0.001
Data:,0.001
Data:,0.001
Data:,0.001
Data:,0.001
Data:,0.001
Data:,0.001
Data:,0.001
Data:,0.001
Data:,0.001
Data:,0.001
Data:,0.001
Data:,0.001
Data:,0.001
Data:,0.001
Data:,0.001
Data:,0.001
Data:,0.001
Data:,0.001
Data:,0.001
Data:,0.001
Data:,0.001
Data:,0.001
Data:,0.001
Data:,0.001
Data:,0.001
Data:,0.001
Data:,0.001
Data:,0.001
Data:,0.001
Data:,0.001
Data:,0.001
Data:,0.001
Data:,0.001
Data:,0.001
Data:,0.001
Data:,0.001
Data:,0.001
Data:,0.001
Data:,0.001
Data:,0.001
Data:,0.001
Data:,0.002
Data:,0.002
Data:,0.001
Data:,0.001
Data:,0.002
Data:,0.002
Data:,0.001
Data:,0.001
Data:,0.001
Data:,0.002
Data:,0.001
Data:,0.001
Data:,0.001
Data:,0.001
Data:,0.001
Data:,0.001
Data:,0.001
Data:,0.001
Data:,0.001
Data:,0.001
Data:,0.001
Data:,0.001
Data:,0.001
Data:,0.001
Data:,0.001
Data:,0.001
Data:,0.001
Data:,0.001
Data:,0.001
Data:,0.001
Data:,0.001
Data:,0.001
Data:,0.001
Data:,0.001
Data:,0.001
Data:,0.001
Data:,0.001
Data:,0.001
Data:,0.001
Data:,0.001
Data:,0.001
Data:,0.001
Data:,0.001
Data:,0.001
Data:,0.001
Data:,0.001
Data:,0.001
Data:,0.001
Data:,0.001
Data:,0.001
Data:,0.001
Data:,0.001
Data:,0.001
Data:,0.001
Data:,0.001
Data:,0.001
Data:,0.001
Data:,0.001
Data:,0.001
Data:,0.001
Data:,0.001
Data:,0.001
Data:,0.001
Data:,0.001
Data:,0.001
Data:,0.001
Data:,0.001
Data:,0.001
Data:,0.001
Data:,0.001
Data:,0.001
Data:,0.001
Data:,0.001
Data:,0.001
Data:,0.001
Data:,0.001
Data:,0.001
Data:,0.001
Data:,0.001
Data:,0.001
Data:,0.001
Data:,0.001
Data:,0.001
Data:,0.001
Data:,0.001
Data:,0.001
Data:,0.001
Data:,0.001
Data:,0.001
Data:,0.001
Data:,0.001
Data:,0.001
Data:,0.001
Data:,0.001
Data:,0.001
Data:,0.001
Data:,0.001
Data:,0.001
Data:,0.001
Data:,0.001
Data:,0.001
Data:,0.001
Data:,0.001
Data:,0.001
Data:,0.001
Data:,0.001
Data:,0.001
Data:,0.001
Data:,0.001
Data:,0.001
Data:,0.001
Data:,0.001
Data:,0.001
Data:,0.001
Data:,0.001
Data:,0.001
Data:,0.001
Data:,0.001
Data:,0.001
Data:,0.001
Data:,0.001
Data:,0.001
Data:,0.001
Data:,0.001
Data:,0.002
Data:,0.001
Data:,0.001
Data:,0.001
Data:,0.001
Data:,0.001
Data:,0.001
Data:,0.001
Data:,0.001
Data:,0.001
Data:,0.001
Data:,0.001
Data:,0.001
Data:,0.001
Data:,0.001
Data:,0.001
Data:,0.001
Data:,0.001
Data:,0.001
Data:,0.001
Data:,0.001
Data:,0.001
Data:,0.001
Data:,0.001
Data:,0.001
Data:,0.001
Data:,0.001
Data:,0.001
Data:,0.001
Data:,0.001
Data:,0.001
Data:,0.001
Data:,0.001
Data:,0.001
Data:,0.001
Data:,0.001
Data:,0.001
Data:,0.001
Data:,0.001
Data:,0.001
Data:,0.002
Data:,0.002
Data:,0.001
Data:,0.001
Data:,0.001
Data:,0.001
Data:,0.001
Data:,0.001
Data:,0.001
Data:,0.001
Data:,0.001
Data:,0.001
Data:,0.001
Data:,0.001
Data:,0.001
Data:,0.001
Data:,0.001
Data:,0.001
Data:,0.001
Data:,0.001
Data:,0.001
Data:,0.001
Data:,0.001
Data:,0.001
Data:,0.002
Data:,0.001
Data:,0.001
Data:,0.001
Data:,0.001
Data:,0.001
Data:,0.001
Data:,0.001
Data:,0.001
Data:,0.001
Data:,0.001
Data:,0.001
Data:,0.001
Data:,0.001
Data:,0.002
Data:,0.001
Data:,0.001
Data:,0.001
Data:,0.001
Data:,0.001
Data:,0.001
Data:,0.001
Data:,0.001
Data:,0.001
Data:,0.001
Data:,0.001
Data:,0.001
Data:,0.001
Data:,0.001
Data:,0.001
Data:,0.001
Data:,0.001
Data:,0.001
Data:,0.001
Data:,0.001
Data:,0.001
Data:,0.001
Data:,0.001
Data:,0.001
Data:,0.001
Data:,0.001
Data:,0.001
Data:,0.001
Data:,0.001
Data:,0.001
Data:,0.001
Data:,0.001
Data:,0.001
Data:,0.001
Data:,0.001
Data:,0.001
Data:,0.001
Data:,0.001
Data:,0.001
Data:,0.001
Data:,0.001
Data:,0.001
Data:,0.001
Data:,0.001
Data:,0.001
Data:,0.001
Data:,0.001
Data:,0.001
Data:,0.001
Data:,0.001
Data:,0.001
Data:,0.001
Data:,0.001
Data:,0.001
Data:,0.001
Data:,0.001
Data:,0.001
Data:,0.001
Data:,0.001
Data:,0.001
Data:,0.001
Data:,0.001
Data:,0.001
Data:,0.001
Data:,0.001
Data:,0.001
Data:,0.001
Data:,0.001
Data:,0.001
Data:,0.001
Data:,0.001
Data:,0.001
Data:,0.001
Data:,0.001
Data:,0.001
Data:,0.001
Data:,0.001
Data:,0.001
Data:,0.001
Data:,0.001
Data:,0.001
Data:,0.001
Data:,0.001
Data:,0.001
Data:,0.001
Data:,0.001
Data:,0.001
Data:,0.001
Data:,0.001
Data:,0.001
Data:,0.001
Data:,0.001
Data:,0.001
Data:,0.001
Data:,0.001
Data:,0.001
Data:,0.001
Data:,0.001
Data:,0.001
Data:,0.001
Data:,0.001
Data:,0.001
Data:,0.001
Data:,0.001
Data:,0.001
Data:,0.001
Data:,0.001
Data:,0.001
Data:,0.001
Data:,0.003
Data:,0.003
Data:,0.001
Data:,0.001
Data:,0.001
Data:,0.001
Data:,0.001
Data:,0.001
Data:,0.001
Data:,0.001
Data:,0.001
Data:,0.001
Data:,0.001
Data:,0.001
Data:,0.001
Data:,0.001
Data:,0.001
Data:,0.001
Data:,0.001
Data:,0.001
Data:,0.001
Data:,0.001
Data:,0.001
Data:,0.001
Data:,0.001
Data:,0.001
Data:,0.001
Data:,0.001
Data:,0.001
Data:,0.001
Data:,0.001
Data:,0.001
Data:,0.001
Data:,0.001
Data:,0.001
Data:,0.001
Data:,0.001
Data:,0.001
Data:,0.001
Data:,0.001
Data:,0.001
Data:,0.001
Data:,0.001
Data:,0.001
Data:,0.001
Data:,0.001
Data:,0.001
Data:,0.001
Data:,0.002
Data:,0.002
Data:,0.001
Data:,0.001
Data:,0.002
Data:,0.002
Data:,0.001
Data:,0.001
Data:,0.001
Data:,0.001
Data:,0.001
Data:,0.001
Data:,0.001
Data:,0.001
Data:,0.001
Data:,0.001
Data:,0.001
Data:,0.001
Data:,0.001
Data:,0.001
Data:,0.001
Data:,0.001
Data:,0.001
Data:,0.001
Data:,0.001
Data:,0.001
Data:,0.001
Data:,0.001
Data:,0.001
Data:,0.001
Data:,0.001
Data:,0.001
Data:,0.001
Data:,0.001
Data:,0.001
Data:,0.001
Data:,0.001
Data:,0.001
Data:,0.001
Data:,0.001
Data:,0.001
Data:,0.001
Data:,0.002
Data:,0.002
Data:,0.001
Data:,0.001
Data:,0.001
Data:,0.001
Data:,0.001
Data:,0.001
Data:,0.001
Data:,0.001
Data:,0.001
Data:,0.001
Data:,0.001
Data:,0.001
Data:,0.001
Data:,0.001
Data:,0.001
Data:,0.001
Data:,0.001
Data:,0.001
Data:,0.001
Data:,0.001
Data:,0.001
Data:,0.001
Data:,0.001
Data:,0.001
Data:,0.001
Data:,0.001
Data:,0.001
Data:,0.001
Data:,0.001
Data:,0.001
Data:,0.001
Data:,0.001
Data:,0.001
Data:,0.001
Data:,0.001
Data:,0.001
Data:,0.001
Data:,0.001
Data:,0.001
Data:,0.001
Data:,0.001
Data:,0.001
Data:,0.001
Data:,0.001
Data:,0.001
Data:,0.001
Data:,0.001
Data:,0.001
Data:,0.001
Data:,0.001
Data:,0.001
Data:,0.001
Data:,0.001
Data:,0.001
Data:,0.001
Data:,0.001
Data:,0.001
Data:,0.001
Data:,0.001
Data:,0.001
Data:,0.001
Data:,0.001
Data:,0.001
Data:,0.001
Data:,0.001
Data:,0.001
Data:,0.001
Data:,0.001
Data:,0.001
Data:,0.001
Data:,0.001
Data:,0.001
Data:,0.001
Data:,0.001
Data:,0.001
Data:,0.001
Data:,0.002
Data:,0.001
Data:,0.001
Data:,0.001
Data:,0.002
Data:,0.001
Data:,0.001
Data:,0.001
Data:,0.001
Data:,0.001
Data:,0.001
Data:,0.001
Data:,0.001
Data:,0.001
Data:,0.001
Data:,0.001
Data:,0.001
Data:,0.001
Data:,0.001
Data:,0.001
Data:,0.001
Data:,0.001
Data:,0.001
Data:,0.001
Data:,0.001
Data:,0.001
Data:,0.001
Data:,0.001
Data:,0.001
Data:,0.001
Data:,0.001
Data:,0.001
Data:,0.001
Data:,0.001
Data:,0.001
Data:,0.001
Data:,0.001
Data:,0.001
Data:,0.002
Data:,0.002
Data:,0.001
Data:,0.001
Data:,0.001
Data:,0.001
Data:,0.001
Data:,0.001
Data:,0.001
Data:,0.001
Data:,0.001
Data:,0.001
Data:,0.001
Data:,0.001
Data:,0.001
Data:,0.001
Data:,0.001
Data:,0.001
Data:,0.001
Data:,0.001
Data:,0.001
Data:,0.001
Data:,0.001
Data:,0.001
Data:,0.002
Data:,0.001
Data:,0.001
Data:,0.001
Data:,0.001
Data:,0.001
Data:,0.001
Data:,0.001
Data:,0.001
Data:,0.001
Data:,0.001
Data:,0.001
Data:,0.001
Data:,0.001
Data:,0.001
Data:,0.001
Data:,0.001
Data:,0.001
Data:,0.001
Data:,0.001
Data:,0.001
Data:,0.001
Data:,0.001
Data:,0.001
Data:,0.001
Data:,0.001
Data:,0.001
Data:,0.001
Data:,0.001
Data:,0.001
Data:,0.001
Data:,0.001
Data:,0.001
Data:,0.001
Data:,0.001
Data:,0.001
Data:,0.001
Data:,0.001
Data:,0.001
Data:,0.001
Data:,0.001
Data:,0.001
Data:,0.001
Data:,0.001
Data:,0.001
Data:,0.001
Data:,0.001
Data:,0.001
Data:,0.001
Data:,0.001
Data:,0.001
Data:,0.001
Data:,0.001
Data:,0.001
Data:,0.001
Data:,0.001
Data:,0.001
Data:,0.001
Data:,0.001
Data:,0.001
Data:,0.001
Data:,0.001
Data:,0.001
Data:,0.001
Data:,0.001
Data:,0.001
Data:,0.001
Data:,0.001
Data:,0.001
Data:,0.001
Data:,0.001
Data:,0.001
Data:,0.001
Data:,0.001
Data:,0.001
Data:,0.001
Data:,0.001
Data:,0.001
Data:,0.001
Data:,0.001
Data:,0.001
Data:,0.001
Data:,0.001
Data:,0.001
Data:,0.001
Data:,0.001
Data:,0.001
Data:,0.001
Data:,0.001
Data:,0.001
Data:,0.001
Data:,0.001
Data:,0.001
Data:,0.001
Data:,0.001
Data:,0.001
Data:,0.001
Data:,0.001
Data:,0.001
Data:,0.001
Data:,0.001
Data:,0.001
Data:,0.001
Data:,0.001
Data:,0.001
Data:,0.001
Data:,0.001
Data:,0.001
Data:,0.001
Data:,0.001
Data:,0.001
Data:,0.001
Data:,0.001
Data:,0.001
Data:,0.001
Data:,0.001
Data:,0.001
Data:,0.001
Data:,0.001
Data:,0.001
Data:,0.001
Data:,0.001
Data:,0.001
Data:,0.001
Data:,0.001
Data:,0.002
Data:,0.001
Data:,0.001
Data:,0.001
Data:,0.001
Data:,0.001
Data:,0.001
Data:,0.001
Data:,0.001
Data:,0.002
Data:,0.002
Data:,0.001
Data:,0.001
Data:,0.001
Data:,0.001
Data:,0.001
Data:,0.001
Data:,0.001
Data:,0.001
Data:,0.001
Data:,0.001
Data:,0.001
Data:,0.001
Data:,0.001
Data:,0.001
Data:,0.001
Data:,0.001
Data:,0.001
Data:,0.001
Data:,0.001
Data:,0.001
Data:,0.001
Data:,0.001
Data:,0.001
Data:,0.001
Data:,0.001
Data:,0.001
Data:,0.001
Data:,0.001
Data:,0.001
Data:,0.001
Data:,0.001
Data:,0.001
Data:,0.001
Data:,0.001
Data:,0.001
Data:,0.001
Data:,0.001
Data:,0.001
Data:,0.001
Data:,0.001
Data:,0.001
Data:,0.001
Data:,0.002
Data:,0.002
Data:,0.001
Data:,0.001
Data:,0.002
Data:,0.001
Data:,0.001
Data:,0.001
Data:,0.001
Data:,0.001
Data:,0.001
Data:,0.001
Data:,0.001
Data:,0.001
Data:,0.001
Data:,0.001
Data:,0.001
Data:,0.001
Data:,0.001
Data:,0.001
Data:,0.001
Data:,0.001
Data:,0.001
Data:,0.001
Data:,0.001
Data:,0.001
Data:,0.001
Data:,0.001
Data:,0.001
Data:,0.001
Data:,0.001
Data:,0.001
Data:,0.001
Data:,0.001
Data:,0.001
Data:,0.001
Data:,0.001
Data:,0.001
Data:,0.001
Data:,0.001
Data:,0.001
Data:,0.001
Data:,0.001
Data:,0.002
Data:,0.001
Data:,0.001
Data:,0.001
Data:,0.001
Data:,0.001
Data:,0.001
Data:,0.001
Data:,0.001
Data:,0.001
Data:,0.001
Data:,0.001
Data:,0.001
Data:,0.001
Data:,0.001
Data:,0.001
Data:,0.001
Data:,0.001
Data:,0.001
Data:,0.001
Data:,0.001
Data:,0.001
Data:,0.001
Data:,0.001
Data:,0.001
Data:,0.001
Data:,0.001
Data:,0.001
Data:,0.001
Data:,0.001
Data:,0.001
Data:,0.001
Data:,0.001
Data:,0.001
Data:,0.001
Data:,0.001
Data:,0.001
Data:,0.001
Data:,0.001
Data:,0.001
Data:,0.001
Data:,0.001
Data:,0.001
Data:,0.001
Data:,0.001
Data:,0.001
Data:,0.001
Data:,0.001
Data:,0.001
Data:,0.001
Data:,0.001
Data:,0.001
Data:,0.001
Data:,0.001
Data:,0.001
Data:,0.001
Data:,0.001
Data:,0.003
Data:,0.003
Data:,0.002
Data:,0.002
Data:,0.001
Data:,0.001
Data:,0.001
Data:,0.001
Data:,0.001
Data:,0.001
Data:,0.001
Data:,0.001
Data:,0.001
Data:,0.001
Data:,0.001
Data:,0.002
Data:,0.001
Data:,0.001
Data:,0.001
Data:,0.001
Data:,0.001
Data:,0.001
Data:,0.001
Data:,0.002
Data:,0.002
Data:,0.001
Data:,0.001
Data:,0.001
Data:,0.001
Data:,0.001
Data:,0.001
Data:,0.001
Data:,0.001
Data:,0.001
Data:,0.001
Data:,0.001
Data:,0.001
Data:,0.001
Data:,0.001
Data:,0.001
Data:,0.001
Data:,0.001
Data:,0.001
Data:,0.001
Data:,0.001
Data:,0.001
Data:,0.001
Data:,0.001
Data:,0.001
Data:,0.001
Data:,0.001
Data:,0.001
Data:,0.001
Data:,0.001
Data:,0.001
Data:,0.001
Data:,0.001
Data:,0.001
Data:,0.001
Data:,0.001
Data:,0.001
Data:,0.001
Data:,0.001
Data:,0.001
Data:,0.001
Data:,0.001
Data:,0.001
Data:,0.001
Data:,0.001
Data:,0.001
Data:,0.001
Data:,0.001
Data:,0.001
Data:,0.001
Data:,0.001
Data:,0.001
Data:,0.001
Data:,0.001
Data:,0.001
Data:,0.001
Data:,0.001
Data:,0.001
Data:,0.001
Data:,0.001
Data:,0.001
Data:,0.001
Data:,0.001
Data:,0.001
Data:,0.001
Data:,0.001
Data:,0.001
Data:,0.001
Data:,0.001
Data:,0.001
Data:,0.001
Data:,0.001
Data:,0.001
Data:,0.001
Data:,0.001
Data:,0.001
Data:,0.001
Data:,0.001
Data:,0.001
Data:,0.001
Data:,0.001
Data:,0.001
Data:,0.001
Data:,0.001
Data:,0.001
Data:,0.001
Data:,0.001
Data:,0.001
Data:,0.001
Data:,0.001
Data:,0.001
Data:,0.001
Data:,0.001
Data:,0.001
Data:,0.001
Data:,0.001
Data:,0.001
Data:,0.001
Data:,0.001
Data:,0.001
Data:,0.001
Data:,0.001
Data:,0.001
Data:,0.001
Data:,0.001
Data:,0.001
Data:,0.001
Data:,0.001
Data:,0.001
Data:,0.001
Data:,0.001
Data:,0.001
Data:,0.001
Data:,0.001
Data:,0.001
Data:,0.001
Data:,0.001
Data:,0.001
Data:,0.001
Data:,0.002
Data:,0.001
Data:,0.001
Data:,0.001
Data:,0.001
Data:,0.001
Data:,0.001
Data:,0.001
Data:,0.001
Data:,0.001
Data:,0.001
Data:,0.001
Data:,0.001
Data:,0.001
Data:,0.001
Data:,0.001
Data:,0.001
Data:,0.001
Data:,0.001
Data:,0.001
Data:,0.001
Data:,0.001
Data:,0.001
Data:,0.001
Data:,0.001
Data:,0.001
Data:,0.001
Data:,0.001
Data:,0.001
Data:,0.001
Data:,0.001
Data:,0.001
Data:,0.001
Data:,0.001
Data:,0.001
Data:,0.001
Data:,0.001
Data:,0.001
Data:,0.001
Data:,0.001
Data:,0.001
Data:,0.001
Data:,0.001
Data:,0.001
Data:,0.001
Data:,0.001
Data:,0.001
Data:,0.001
Data:,0.001
Data:,0.001
Data:,0.001
Data:,0.001
Data:,0.001
Data:,0.001
Data:,0.001
Data:,0.001
Data:,0.001
Data:,0.001
Data:,0.001
Data:,0.001
Data:,0.001
Data:,0.001
Data:,0.001
Data:,0.001
Data:,0.001
Data:,0.001
Data:,0.001
Data:,0.001
Data:,0.001
Data:,0.001
Data:,0.001
Data:,0.001
Data:,0.001
Data:,0.001
Data:,0.001
Data:,0.001
Data:,0.001
Data:,0.001
Data:,0.001
Data:,0.001
Data:,0.001
Data:,0.001
Data:,0.001
Data:,0.001
Data:,0.001
Data:,0.001
Data:,0.001
Data:,0.001
Data:,0.001
Data:,0.001
Data:,0.001
Data:,0.001
Data:,0.001
Data:,0.002
Data:,0.002
Data:,0.001
Data:,0.001
Data:,0.001
Data:,0.001
Data:,0.001
Data:,0.001
Data:,0.001
Data:,0.001
Data:,0.001
Data:,0.001
Data:,0.001
Data:,0.001
Data:,0.001
Data:,0.001
Data:,0.001
Data:,0.001
Data:,0.001
Data:,0.001
Data:,0.003
Data:,0.003
Data:,0.001
Data:,0.001
Data:,0.001
Data:,0.001
Data:,0.001
Data:,0.002
Data:,0.002
Data:,0.001
Data:,0.001
Data:,0.001
Data:,0.001
Data:,0.001
Data:,0.001
Data:,0.001
Data:,0.001
Data:,0.001
Data:,0.001
Data:,0.001
Data:,0.001
Data:,0.001
Data:,0.001
Data:,0.001
Data:,0.001
Data:,0.001
Data:,0.001
Data:,0.001
Data:,0.001
Data:,0.001
Data:,0.001
Data:,0.001
Data:,0.001
Data:,0.001
Data:,0.001
Data:,0.001
Data:,0.001
Data:,0.001
Data:,0.001
Data:,0.001
Data:,0.001
Data:,0.001
Data:,0.001
Data:,0.001
Data:,0.001
Data:,0.001
Data:,0.001
Data:,0.001
Data:,0.001
Data:,0.001
Data:,0.001
Data:,0.001
Data:,0.001
Data:,0.001
Data:,0.001
Data:,0.001
Data:,0.001
Data:,0.001
Data:,0.001
Data:,0.001
Data:,0.001
Data:,0.001
Data:,0.001
Data:,0.001
Data:,0.001
Data:,0.001
Data:,0.001
Data:,0.001
Data:,0.001
Data:,0.001
Data:,0.001
Data:,0.001
Data:,0.001
Data:,0.001
Data:,0.002
Data:,0.002
Data:,0.001
Data:,0.001
Data:,0.001
Data:,0.001
Data:,0.001
Data:,0.001
Data:,0.001
Data:,0.001
Data:,0.001
Data:,0.001
Data:,0.001
Data:,0.001
Data:,0.001
Data:,0.001
Data:,0.001
Data:,0.001
Data:,0.001
Data:,0.001
Data:,0.001
Data:,0.001
Data:,0.001
Data:,0.001
Data:,0.001
Data:,0.001
Data:,0.001
Data:,0.001
Data:,0.001
Data:,0.001
Data:,0.001
Data:,0.001
Data:,0.001
Data:,0.001
Data:,0.001
Data:,0.001
Data:,0.001
Data:,0.001
Data:,0.001
Data:,0.001
Data:,0.001
Data:,0.001
Data:,0.001
Data:,0.001
Data:,0.001
Data:,0.001
Data:,0.001
Data:,0.001
Data:,0.001
Data:,0.001
Data:,0.001
Data:,0.001
Data:,0.001
Data:,0.002
Data:,0.001
Data:,0.001
Data:,0.001
Data:,0.001
Data:,0.001
Data:,0.001
Data:,0.001
Data:,0.001
Data:,0.001
Data:,0.001
Data:,0.001
Data:,0.001
Data:,0.001
Data:,0.001
Data:,0.001
Data:,0.001
Data:,0.001
Data:,0.001
Data:,0.001
Data:,0.001
Data:,0.001
Data:,0.001
Data:,0.001
Data:,0.001
Data:,0.001
Data:,0.001
Data:,0.001
Data:,0.001
Data:,0.001
Data:,0.001
Data:,0.001
Data:,0.001
Data:,0.001
Data:,0.001
Data:,0.001
Data:,0.001
Data:,0.001
Data:,0.001
Data:,0.001
Data:,0.001
Data:,0.001
Data:,0.001
Data:,0.001
Data:,0.001
Data:,0.001
Data:,0.001
Data:,0.001
Data:,0.001
Data:,0.001
Data:,0.001
Data:,0.001
Data:,0.001
Data:,0.001
Data:,0.001
Data:,0.001
Data:,0.001
Data:,0.001
Data:,0.001
Data:,0.001
Data:,0.001
Data:,0.001
Data:,0.001
Data:,0.001
Data:,0.001
Data:,0.001
Data:,0.001
Data:,0.001
Data:,0.001
Data:,0.001
Data:,0.001
Data:,0.001
Data:,0.001
Data:,0.001
Data:,0.001
Data:,0.001
Data:,0.001
Data:,0.001
Data:,0.001
Data:,0.001
Data:,0.001
Data:,0.001
Data:,0.001
Data:,0.001
Data:,0.001
Data:,0.001
Data:,0.001
Data:,0.001
Data:,0.001
Data:,0.001
Data:,0.001
Data:,0.001
Data:,0.001
Data:,0.001
Data:,0.001
Data:,0.001
Data:,0.001
Data:,0.001
Data:,0.001
Data:,0.001
Data:,0.001
Data:,0.001
Data:,0.001
Data:,0.001
Data:,0.001
Data:,0.001
Data:,0.001
Data:,0.001
Data:,0.001
Data:,0.001
Data:,0.001
Data:,0.001
Data:,0.001
Data:,0.001
Data:,0.001
Data:,0.002
Data:,0.002
Data:,0.001
Data:,0.001
Data:,0.002
Data:,0.002
Data:,0.001
Data:,0.001
Data:,0.001
Data:,0.001
Data:,0.001
Data:,0.001
Data:,0.001
Data:,0.001
Data:,0.001
Data:,0.001
Data:,0.001
Data:,0.001
Data:,0.001
Data:,0.001
Data:,0.001
Data:,0.001
Data:,0.001
Data:,0.001
Data:,0.001
Data:,0.001
Data:,0.001
Data:,0.001
Data:,0.001
Data:,0.001
Data:,0.001
Data:,0.001
Data:,0.001
Data:,0.001
Data:,0.001
Data:,0.001
Data:,0.001
Data:,0.001
Data:,0.001
Data:,0.001
Data:,0.001
Data:,0.001
Data:,0.001
Data:,0.001
Data:,0.001
Data:,0.001
Data:,0.001
Data:,0.001
Data:,0.001
Data:,0.001
Data:,0.001
Data:,0.001
Data:,0.001
Data:,0.001
Data:,0.001
Data:,0.001
Data:,0.001
Data:,0.001
Data:,0.001
Data:,0.001
Data:,0.001
Data:,0.001
Data:,0.001
Data:,0.001
Data:,0.001
Data:,0.001
Data:,0.001
Data:,0.001
Data:,0.001
Data:,0.001
Data:,0.001
Data:,0.001
Data:,0.001
Data:,0.001
Data:,0.001
Data:,0.001
Data:,0.001
Data:,0.001
Data:,0.001
Data:,0.001
Data:,0.001
Data:,0.001
Data:,0.001
Data:,0.001
Data:,0.001
Data:,0.001
Data:,0.001
Data:,0.001
Data:,0.001
Data:,0.001
Data:,0.001
Data:,0.001
Data:,0.001
Data:,0.001
Data:,0.001
Data:,0.001
Data:,0.001
Data:,0.001
Data:,0.001
Data:,0.001
Data:,0.001
Data:,0.001
Data:,0.001
Data:,0.001
Data:,0.001
Data:,0.001
Data:,0.001
Data:,0.001
Data:,0.001
Data:,0.001
Data:,0.001
Data:,0.001
Data:,0.001
Data:,0.001
Data:,0.002
Data:,0.002
Data:,0.001
Data:,0.001
Data:,0.001
Data:,0.001
Data:,0.001
Data:,0.001
Data:,0.002
Data:,0.001
Data:,0.001
Data:,0.001
Data:,0.001
Data:,0.001
Data:,0.001
Data:,0.001
Data:,0.001
Data:,0.001
Data:,0.001
Data:,0.001
Data:,0.001
Data:,0.001
Data:,0.001
Data:,0.001
Data:,0.001
Data:,0.003
Data:,0.003
Data:,0.001
Data:,0.002
Data:,0.002
Data:,0.001
Data:,0.001
Data:,0.001
Data:,0.001
Data:,0.002
Data:,0.001
Data:,0.001
Data:,0.001
Data:,0.002
Data:,0.001
Data:,0.001
Data:,0.001
Data:,0.001
Data:,0.001
Data:,0.001
Data:,0.001
Data:,0.001
Data:,0.001
Data:,0.001
Data:,0.001
Data:,0.001
Data:,0.001
Data:,0.001
Data:,0.001
Data:,0.001
Data:,0.001
Data:,0.001
Data:,0.001
Data:,0.001
Data:,0.001
Data:,0.001
Data:,0.001
Data:,0.001
Data:,0.001
Data:,0.001
Data:,0.001
Data:,0.001
Data:,0.001
Data:,0.001
Data:,0.001
Data:,0.001
Data:,0.001
Data:,0.001
Data:,0.001
Data:,0.001
Data:,0.001
Data:,0.001
Data:,0.001
Data:,0.001
Data:,0.001
Data:,0.001
Data:,0.001
Data:,0.001
Data:,0.001
Data:,0.001
Data:,0.001
Data:,0.001
Data:,0.001
Data:,0.001
Data:,0.001
Data:,0.001
Data:,0.001
Data:,0.001
Data:,0.001
Data:,0.001
Data:,0.001
Data:,0.001
Data:,0.001
Data:,0.001
Data:,0.001
Data:,0.001
Data:,0.001
Data:,0.001
Data:,0.001
Data:,0.001
Data:,0.001
Data:,0.001
Data:,0.001
Data:,0.001
Data:,0.001
Data:,0.001
Data:,0.001
Data:,0.001
Data:,0.001
Data:,0.001
Data:,0.001
Data:,0.001
Data:,0.001
Data:,0.001
Data:,0.001
Data:,0.001
Data:,0.001
Data:,0.001
Data:,0.001
Data:,0.001
Data:,0.001
Data:,0.001
Data:,0.001
Data:,0.001
Data:,0.001
Data:,0.002
Data:,0.002
Data:,0.001
Data:,0.001
Data:,0.001
Data:,0.001
Data:,0.001
Data:,0.001
Data:,0.001
Data:,0.001
Data:,0.001
Data:,0.001
Data:,0.001
Data:,0.001
Data:,0.001
Data:,0.001
Data:,0.001
Data:,0.001
Data:,0.001
Data:,0.001
Data:,0.001
Data:,0.001
Data:,0.001
Data:,0.001
Data:,0.001
Data:,0.001
Data:,0.001
Data:,0.001
Data:,0.001
Data:,0.001
Data:,0.001
Data:,0.001
Data:,0.001
Data:,0.001
Data:,0.001
Data:,0.001
Data:,0.001
Data:,0.001
Data:,0.001
Data:,0.001
Data:,0.001
Data:,0.001
Data:,0.001
Data:,0.001
Data:,0.001
Data:,0.001
Data:,0.001
Data:,0.001
Data:,0.001
Data:,0.001
Data:,0.001
Data:,0.001
Data:,0.001
Data:,0.001
Data:,0.001
Data:,0.001
Data:,0.001
Data:,0.001
Data:,0.001
Data:,0.001
Data:,0.001
Data:,0.001
Data:,0.002
Data:,0.001
Data:,0.001
Data:,0.001
Data:,0.001
Data:,0.001
Data:,0.002
Data:,0.002
Data:,0.002
Data:,0.002
Data:,0.001
Data:,0.001
Data:,0.001
Data:,0.001
Data:,0.001
Data:,0.001
Data:,0.001
Data:,0.001
Data:,0.001
Data:,0.001
Data:,0.001
Data:,0.001
Data:,0.001
Data:,0.001
Data:,0.001
Data:,0.001
Data:,0.001
Data:,0.001
Data:,0.001
Data:,0.001
Data:,0.001
Data:,0.001
Data:,0.001
Data:,0.002
Data:,0.001
Data:,0.001
Data:,0.001
Data:,0.001
Data:,0.001
Data:,0.001
Data:,0.001
Data:,0.001
Data:,0.001
Data:,0.001
Data:,0.001
Data:,0.001
Data:,0.001
Data:,0.001
Data:,0.001
Data:,0.001
Data:,0.001
Data:,0.001
Data:,0.001
Data:,0.001
Data:,0.001
Data:,0.001
Data:,0.001
Data:,0.001
Data:,0.002
Data:,0.002
Data:,0.001
Data:,0.001
Data:,0.001
Data:,0.001
Data:,0.001
Data:,0.001
Data:,0.001
Data:,0.001
Data:,0.001
Data:,0.001
Data:,0.001
Data:,0.001
Data:,0.001
Data:,0.001
Data:,0.001
Data:,0.001
Data:,0.001
Data:,0.001
Data:,0.001
Data:,0.001
Data:,0.001
Data:,0.001
Data:,0.001
Data:,0.001
Data:,0.001
Data:,0.001
Data:,0.001
Data:,0.001
Data:,0.001
Data:,0.001
Data:,0.001
Data:,0.001
Data:,0.001
Data:,0.001
Data:,0.001
Data:,0.001
Data:,0.001
Data:,0.001
Data:,0.001
Data:,0.001
Data:,0.001
Data:,0.001
Data:,0.001
Data:,0.001
Data:,0.001
Data:,0.001
Data:,0.001
Data:,0.001
Data:,0.001
Data:,0.001
Data:,0.001
Data:,0.001
Data:,0.001
Data:,0.001
Data:,0.001
Data:,0.001
Data:,0.001
Data:,0.001
Data:,0.001
Data:,0.001
Data:,0.001
Data:,0.001
Data:,0.001
Data:,0.001
Data:,0.001
Data:,0.001
Data:,0.001
Data:,0.001
Data:,0.001
Data:,0.001
Data:,0.001
Data:,0.001
Data:,0.002
Data:,0.002
Data:,0.001
Data:,0.001
Data:,0.001
Data:,0.001
Data:,0.001
Data:,0.001
Data:,0.001
Data:,0.001
Data:,0.001
Data:,0.001
Data:,0.001
Data:,0.001
Data:,0.001
Data:,0.001
Data:,0.001
Data:,0.001
Data:,0.001
Data:,0.001
Data:,0.001
Data:,0.001
Data:,0.001
Data:,0.001
Data:,0.001
Data:,0.002
Data:,0.001
Data:,0.001
Data:,0.001
Data:,0.001
Data:,0.001
Data:,0.001
Data:,0.002
Data:,0.002
Data:,0.001
Data:,0.001
Data:,0.001
Data:,0.001
Data:,0.001
Data:,0.001
Data:,0.001
Data:,0.001
Data:,0.001
Data:,0.001
Data:,0.001
Data:,0.001
Data:,0.002
Data:,0.002
Data:,0.001
Data:,0.001
Data:,0.001
Data:,0.002
Data:,0.003
Data:,0.002
Data:,0.001
Data:,0.001
Data:,0.003
Data:,0.003
Data:,0.001
Data:,0.003
Data:,0.003
Data:,0.002
Data:,0.001
Data:,0.001
Data:,0.001
Data:,0.001
Data:,0.001
Data:,0.001
Data:,0.001
Data:,0.001
Data:,0.001
Data:,0.001
Data:,0.001
Data:,0.001
Data:,0.001
Data:,0.001
Data:,0.001
Data:,0.001
Data:,0.001
Data:,0.001
Data:,0.001
Data:,0.001
Data:,0.001
Data:,0.001
Data:,0.001
Data:,0.001
Data:,0.001
Data:,0.001
Data:,0.001
Data:,0.001
Data:,0.001
Data:,0.001
Data:,0.001
Data:,0.001
Data:,0.001
Data:,0.001
Data:,0.001
Data:,0.001
Data:,0.001
Data:,0.001
Data:,0.001
Data:,0.001
Data:,0.001
Data:,0.001
Data:,0.001
Data:,0.001
Data:,0.001
Data:,0.001
Data:,0.001
Data:,0.001
Data:,0.001
Data:,0.001
Data:,0.001
Data:,0.001
Data:,0.001
Data:,0.001
Data:,0.001
Data:,0.001
Data:,0.001
Data:,0.001
Data:,0.001
Data:,0.001
Data:,0.001
Data:,0.001
Data:,0.001
Data:,0.001
Data:,0.001
Data:,0.001
Data:,0.001
Data:,0.001
Data:,0.001
Data:,0.001
Data:,0.001
Data:,0.001
Data:,0.001
Data:,0.001
Data:,0.001
Data:,0.001
Data:,0.001
Data:,0.001
Data:,0.001
Data:,0.001
Data:,0.001
Data:,0.001
Data:,0.001
Data:,0.001
Data:,0.001
Data:,0.001
Data:,0.001
Data:,0.001
Data:,0.001
Data:,0.001
Data:,0.001
Data:,0.001
Data:,0.001
Data:,0.001
Data:,0.001
Data:,0.001
Data:,0.001
Data:,0.001
Data:,0.001
Data:,0.001
Data:,0.001
Data:,0.001
Data:,0.002
Data:,0.001
Data:,0.001
Data:,0.002
Data:,0.001
Data:,0.001
Data:,0.001
Data:,0.001
Data:,0.001
Data:,0.001
Data:,0.001
Data:,0.001
Data:,0.001
Data:,0.001
Data:,0.001
Data:,0.001
Data:,0.001
Data:,0.001
Data:,0.001
Data:,0.001
Data:,0.002
Data:,0.001
Data:,0.001
Data:,0.001
Data:,0.001
Data:,0.001
Data:,0.001
Data:,0.001
Data:,0.001
Data:,0.001
Data:,0.001
Data:,0.001
Data:,0.001
Data:,0.001
Data:,0.001
Data:,0.001
Data:,0.001
Data:,0.001
Data:,0.001
Data:,0.001
Data:,0.001
Data:,0.001
Data:,0.001
Data:,0.001
Data:,0.001
Data:,0.002
Data:,0.002
Data:,0.001
Data:,0.001
Data:,0.001
Data:,0.001
Data:,0.001
Data:,0.001
Data:,0.001
Data:,0.001
Data:,0.001
Data:,0.001
Data:,0.001
Data:,0.001
Data:,0.001
Data:,0.001
Data:,0.001
Data:,0.001
Data:,0.001
Data:,0.001
Data:,0.001
Data:,0.001
Data:,0.001
Data:,0.001
Data:,0.001
Data:,0.001
Data:,0.001
Data:,0.001
Data:,0.001
Data:,0.001
Data:,0.001
Data:,0.001
Data:,0.001
Data:,0.001
Data:,0.001
Data:,0.001
Data:,0.001
Data:,0.001
Data:,0.001
Data:,0.001
Data:,0.001
Data:,0.001
Data:,0.001
Data:,0.001
Data:,0.001
Data:,0.001
Data:,0.001
Data:,0.001
Data:,0.001
Data:,0.001
Data:,0.001
Data:,0.001
Data:,0.001
Data:,0.001
Data:,0.001
Data:,0.001
Data:,0.001
Data:,0.001
Data:,0.001
Data:,0.001
Data:,0.001
Data:,0.001
Data:,0.001
Data:,0.001
Data:,0.001
Data:,0.001
Data:,0.001
Data:,0.001
Data:,0.001
Data:,0.001
Data:,0.001
Data:,0.001
Data:,0.001
Data:,0.001
Data:,0.001
Data:,0.001
Data:,0.001
Data:,0.002
Data:,0.002
Data:,0.001
Data:,0.001
Data:,0.001
Data:,0.001
Data:,0.001
Data:,0.001
Data:,0.001
Data:,0.001
Data:,0.001
Data:,0.001
Data:,0.001
Data:,0.001
Data:,0.001
Data:,0.001
Data:,0.001
Data:,0.001
Data:,0.001
Data:,0.001
Data:,0.001
Data:,0.001
Data:,0.001
Data:,0.001
Data:,0.001
Data:,0.001
Data:,0.001
Data:,0.001
Data:,0.001
Data:,0.001
Data:,0.001
Data:,0.001
Data:,0.001
Data:,0.001
Data:,0.001
Data:,0.001
Data:,0.001
Data:,0.001
Data:,0.001
Data:,0.001
Data:,0.001
Data:,0.001
Data:,0.001
Data:,0.001
Data:,0.001
Data:,0.001
Data:,0.001
Data:,0.001
Data:,0.001
Data:,0.001
Data:,0.001
Data:,0.001
Data:,0.001
Data:,0.001
Data:,0.002
Data:,0.001
Data:,0.001
Data:,0.001
Data:,0.001
Data:,0.001
Data:,0.001
Data:,0.001
Data:,0.001
Data:,0.001
Data:,0.001
Data:,0.001
Data:,0.001
Data:,0.001
Data:,0.001
Data:,0.001
Data:,0.001
Data:,0.001
Data:,0.001
Data:,0.001
Data:,0.001
Data:,0.001
Data:,0.001
Data:,0.001
Data:,0.001
Data:,0.001
Data:,0.001
Data:,0.001
Data:,0.001
Data:,0.001
Data:,0.001
Data:,0.001
Data:,0.001
Data:,0.001
Data:,0.001
Data:,0.001
Data:,0.001
Data:,0.001
Data:,0.001
Data:,0.001
Data:,0.001
Data:,0.001
Data:,0.001
Data:,0.001
Data:,0.001
Data:,0.001
Data:,0.001
Data:,0.001
Data:,0.002
Data:,0.001
Data:,0.001
Data:,0.001
Data:,0.002
Data:,0.002
Data:,0.001
Data:,0.001
Data:,0.001
Data:,0.001
Data:,0.001
Data:,0.001
Data:,0.001
Data:,0.001
Data:,0.001
Data:,0.001
Data:,0.002
Data:,0.001
Data:,0.001
Data:,0.002
Data:,0.001
Data:,0.001
Data:,0.001
Data:,0.001
Data:,0.001
Data:,0.001
Data:,0.001
Data:,0.001
Data:,0.001
Data:,0.001
Data:,0.001
Data:,0.001
Data:,0.001
Data:,0.001
Data:,0.001
Data:,0.001
Data:,0.001
Data:,0.001
Data:,0.001
Data:,0.001
Data:,0.001
Data:,0.001
Data:,0.001
Data:,0.001
Data:,0.001
Data:,0.001
Data:,0.001
Data:,0.001
Data:,0.001
Data:,0.001
Data:,0.001
Data:,0.001
Data:,0.001
Data:,0.001
Data:,0.001
Data:,0.001
Data:,0.001
Data:,0.002
Data:,0.002
Data:,0.001
Data:,0.001
Data:,0.001
Data:,0.002
Data:,0.002
Data:,0.001
Data:,0.001
Data:,0.001
Data:,0.001
Data:,0.001
Data:,0.001
Data:,0.001
Data:,0.001
Data:,0.001
Data:,0.001
Data:,0.001
Data:,0.001
Data:,0.001
Data:,0.001
Data:,0.001
Data:,0.001
Data:,0.001
Data:,0.001
Data:,0.001
Data:,0.001
Data:,0.001
Data:,0.001
Data:,0.001
Data:,0.001
Data:,0.001
Data:,0.001
Data:,0.001
Data:,0.001
Data:,0.001
Data:,0.001
Data:,0.001
Data:,0.001
Data:,0.001
Data:,0.001
Data:,0.001
Data:,0.001
Data:,0.001
Data:,0.001
Data:,0.001
Data:,0.001
Data:,0.001
Data:,0.001
Data:,0.001
Data:,0.001
Data:,0.001
Data:,0.001
Data:,0.002
Data:,0.002
Data:,0.001
Data:,0.001
Data:,0.001
Data:,0.001
Data:,0.001
Data:,0.001
Data:,0.001
Data:,0.001
Data:,0.001
Data:,0.001
Data:,0.001
Data:,0.001
Data:,0.001
Data:,0.001
Data:,0.001
Data:,0.001
Data:,0.001
Data:,0.001
Data:,0.001
Data:,0.001
Data:,0.001
Data:,0.001
Data:,0.001
Data:,0.001
Data:,0.001
Data:,0.001
Data:,0.002
Data:,0.002
Data:,0.001
Data:,0.001
Data:,0.001
Data:,0.001
Data:,0.001
Data:,0.001
Data:,0.001
Data:,0.001
Data:,0.001
Data:,0.001
Data:,0.001
Data:,0.001
Data:,0.001
Data:,0.001
Data:,0.001
Data:,0.001
Data:,0.001
Data:,0.001
Data:,0.001
Data:,0.001
Data:,0.001
Data:,0.001
Data:,0.001
Data:,0.001
Data:,0.001
Data:,0.001
Data:,0.001
Data:,0.001
Data:,0.001
Data:,0.001
Data:,0.001
Data:,0.001
Data:,0.003
Data:,0.003
Data:,0.001
Data:,0.001
Data:,0.001
Data:,0.002
Data:,0.001
Data:,0.001
Data:,0.001
Data:,0.001
Data:,0.001
Data:,0.001
Data:,0.001
Data:,0.001
Data:,0.001
Data:,0.001
Data:,0.001
Data:,0.001
Data:,0.001
Data:,0.001
Data:,0.001
Data:,0.001
Data:,0.001
Data:,0.001
Data:,0.001
Data:,0.001
Data:,0.001
Data:,0.001
Data:,0.001
Data:,0.001
Data:,0.001
Data:,0.001
Data:,0.001
Data:,0.001
Data:,0.001
Data:,0.001
Data:,0.001
Data:,0.001
Data:,0.001
Data:,0.001
Data:,0.001
Data:,0.001
Data:,0.001
Data:,0.001
Data:,0.001
Data:,0.001
Data:,0.001
Data:,0.001
Data:,0.001
Data:,0.001
Data:,0.001
Data:,0.001
Data:,0.001
Data:,0.001
Data:,0.001
Data:,0.001
Data:,0.001
Data:,0.001
Data:,0.001
Data:,0.001
Data:,0.001
Data:,0.001
Data:,0.001
Data:,0.001
Data:,0.001
Data:,0.001
Data:,0.001
Data:,0.001
Data:,0.001
Data:,0.001
Data:,0.001
Data:,0.001
Data:,0.001
Data:,0.001
Data:,0.001
Data:,0.001
Data:,0.001
Data:,0.001
Data:,0.001
Data:,0.001
Data:,0.001
Data:,0.001
Data:,0.001
Data:,0.002
Data:,0.001
Data:,0.001
Data:,0.002
Data:,0.002
Data:,0.001
Data:,0.001
Data:,0.001
Data:,0.001
Data:,0.001
Data:,0.001
Data:,0.001
Data:,0.001
Data:,0.001
Data:,0.001
Data:,0.001
Data:,0.001
Data:,0.001
Data:,0.001
Data:,0.001
Data:,0.001
Data:,0.001
Data:,0.001
Data:,0.001
Data:,0.001
Data:,0.001
Data:,0.001
Data:,0.001
Data:,0.001
Data:,0.001
Data:,0.001
Data:,0.001
Data:,0.001
Data:,0.001
Data:,0.001
Data:,0.001
Data:,0.001
Data:,0.001
Data:,0.001
Data:,0.001
Data:,0.001
Data:,0.001
Data:,0.001
Data:,0.001
Data:,0.001
Data:,0.001
Data:,0.001
Data:,0.001
Data:,0.001
Data:,0.001
Data:,0.001
Data:,0.001
Data:,0.001
Data:,0.001
Data:,0.001
Data:,0.001
Data:,0.001
Data:,0.001
Data:,0.001
Data:,0.001
Data:,0.001
Data:,0.001
Data:,0.001
Data:,0.001
Data:,0.002
Data:,0.001
Data:,0.001
Data:,0.001
Data:,0.001
Data:,0.001
Data:,0.001
Data:,0.001
Data:,0.001
Data:,0.001
Data:,0.001
Data:,0.001
Data:,0.001
Data:,0.001
Data:,0.001
Data:,0.001
Data:,0.001
Data:,0.001
Data:,0.001
Data:,0.001
Data:,0.001
Data:,0.001
Data:,0.001
Data:,0.001
Data:,0.001
Data:,0.001
Data:,0.001
Data:,0.001
Data:,0.001
Data:,0.001
Data:,0.001
Data:,0.001
Data:,0.001
Data:,0.001
Data:,0.001
Data:,0.001
Data:,0.001
Data:,0.002
Data:,0.001
Data:,0.001
Data:,0.001
Data:,0.001
Data:,0.001
Data:,0.001
Data:,0.001
Data:,0.001
Data:,0.001
Data:,0.001
Data:,0.001
Data:,0.001
Data:,0.001
Data:,0.001
Data:,0.001
Data:,0.001
Data:,0.001
Data:,0.001
Data:,0.001
Data:,0.001
Data:,0.002
Data:,0.002
Data:,0.001
Data:,0.001
Data:,0.001
Data:,0.001
Data:,0.001
Data:,0.001
Data:,0.001
Data:,0.001
Data:,0.001
Data:,0.001
Data:,0.001
Data:,0.001
Data:,0.001
Data:,0.001
Data:,0.001
Data:,0.001
Data:,0.001
Data:,0.001
Data:,0.001
Data:,0.001
Data:,0.001
Data:,0.001
Data:,0.001
Data:,0.001
Data:,0.001
Data:,0.001
Data:,0.001
Data:,0.001
Data:,0.001
Data:,0.001
Data:,0.001
Data:,0.001
Data:,0.001
Data:,0.001
Data:,0.001
Data:,0.001
Data:,0.001
Data:,0.001
Data:,0.001
Data:,0.001
Data:,0.001
Data:,0.001
Data:,0.001
Data:,0.001
Data:,0.001
Data:,0.001
Data:,0.001
Data:,0.002
Data:,0.001
Data:,0.001
Data:,0.001
Data:,0.001
Data:,0.001
Data:,0.001
Data:,0.001
Data:,0.001
Data:,0.001
Data:,0.001
Data:,0.001
Data:,0.001
Data:,0.001
Data:,0.001
Data:,0.001
Data:,0.001
Data:,0.001
Data:,0.001
Data:,0.001
Data:,0.001
Data:,0.001
Data:,0.001
Data:,0.001
Data:,0.001
Data:,0.001
Data:,0.001
Data:,0.001
Data:,0.001
Data:,0.001
Data:,0.001
Data:,0.001
Data:,0.001
Data:,0.001
Data:,0.001
Data:,0.001
Data:,0.001
Data:,0.001
Data:,0.001
Data:,0.001
Data:,0.001
Data:,0.001
Data:,0.001
Data:,0.001
Data:,0.001
Data:,0.001
Data:,0.001
Data:,0.001
Data:,0.001
Data:,0.001
Data:,0.001
Data:,0.001
Data:,0.001
Data:,0.001
Data:,0.001
Data:,0.001
Data:,0.001
Data:,0.001
Data:,0.001
Data:,0.001
Data:,0.001
Data:,0.001
Data:,0.001
Data:,0.001
Data:,0.001
Data:,0.001
Data:,0.001
Data:,0.001
Data:,0.001
Data:,0.001
Data:,0.002
Data:,0.002
Data:,0.002
Data:,0.001
Data:,0.001
Data:,0.001
Data:,0.001
Data:,0.001
Data:,0.001
Data:,0.001
Data:,0.001
Data:,0.001
Data:,0.001
Data:,0.001
Data:,0.001
Data:,0.001
Data:,0.001
Data:,0.001
Data:,0.001
Data:,0.001
Data:,0.001
Data:,0.001
Data:,0.001
Data:,0.001
Data:,0.001
Data:,0.001
Data:,0.001
Data:,0.001
Data:,0.001
Data:,0.001
Data:,0.001
Data:,0.001
Data:,0.001
Data:,0.001
Data:,0.001
Data:,0.001
Data:,0.002
Data:,0.002
Data:,0.001
Data:,0.001
Data:,0.001
Data:,0.001
Data:,0.001
Data:,0.001
Data:,0.001
Data:,0.001
Data:,0.001
Data:,0.001
Data:,0.001
Data:,0.001
Data:,0.001
Data:,0.001
Data:,0.001
Data:,0.001
Data:,0.001
Data:,0.001
Data:,0.001
Data:,0.001
Data:,0.001
Data:,0.001
Data:,0.001
Data:,0.001
Data:,0.001
Data:,0.001
Data:,0.001
Data:,0.001
Data:,0.001
Data:,0.001
Data:,0.001
Data:,0.001
Data:,0.001
Data:,0.001
Data:,0.001
Data:,0.001
Data:,0.001
Data:,0.001
Data:,0.001
Data:,0.001
Data:,0.001
Data:,0.001
Data:,0.001
Data:,0.001
Data:,0.001
Data:,0.001
Data:,0.001
Data:,0.001
Data:,0.001
Data:,0.001
Data:,0.001
Data:,0.002
Data:,0.001
Data:,0.001
Data:,0.001
Data:,0.001
Data:,0.001
Data:,0.001
Data:,0.001
Data:,0.001
Data:,0.001
Data:,0.001
Data:,0.001
Data:,0.001
Data:,0.001
Data:,0.001
Data:,0.001
Data:,0.001
Data:,0.001
Data:,0.001
Data:,0.001
Data:,0.001
Data:,0.001
Data:,0.001
Data:,0.001
Data:,0.001
Data:,0.001
Data:,0.001
Data:,0.001
Data:,0.001
Data:,0.001
Data:,0.001
Data:,0.001
Data:,0.002
Data:,0.002
Data:,0.001
Data:,0.001
Data:,0.001
Data:,0.001
Data:,0.001
Data:,0.001
Data:,0.001
Data:,0.001
Data:,0.001
Data:,0.001
Data:,0.001
Data:,0.001
Data:,0.001
Data:,0.001
Data:,0.001
Data:,0.001
Data:,0.001
Data:,0.001
Data:,0.001
Data:,0.001
Data:,0.001
Data:,0.001
Data:,0.001
Data:,0.001
Data:,0.001
Data:,0.001
Data:,0.001
Data:,0.001
Data:,0.001
Data:,0.001
Data:,0.001
Data:,0.001
Data:,0.001
Data:,0.001
Data:,0.001
Data:,0.001
Data:,0.001
Data:,0.001
Data:,0.001
Data:,0.001
Data:,0.001
Data:,0.001
Data:,0.001
Data:,0.001
Data:,0.001
Data:,0.001
Data:,0.001
Data:,0.001
Data:,0.001
Data:,0.001
Data:,0.001
Data:,0.001
Data:,0.001
Data:,0.001
Data:,0.001
Data:,0.001
Data:,0.001
Data:,0.001
Data:,0.001
Data:,0.001
Data:,0.001
Data:,0.001
Data:,0.001
Data:,0.001
Data:,0.001
Data:,0.001
Data:,0.001
Data:,0.001
Data:,0.001
Data:,0.001
Data:,0.001
Data:,0.001
Data:,0.001
Data:,0.001
Data:,0.001
Data:,0.001
Data:,0.001
Data:,0.001
Data:,0.001
Data:,0.001
Data:,0.001
Data:,0.001
Data:,0.001
Data:,0.001
Data:,0.001
Data:,0.001
Data:,0.001
Data:,0.001
Data:,0.001
Data:,0.001
Data:,0.001
Data:,0.002
Data:,0.002
Data:,0.001
Data:,0.001
Data:,0.001
Data:,0.001
Data:,0.001
Data:,0.001
Data:,0.001
Data:,0.001
Data:,0.001
Data:,0.001
Data:,0.001
Data:,0.001
Data:,0.001
Data:,0.001
Data:,0.001
Data:,0.001
Data:,0.001
Data:,0.001
Data:,0.001
Data:,0.001
Data:,0.001
Data:,0.001
Data:,0.001
Data:,0.001
Data:,0.002
Data:,0.002
Data:,0.001
Data:,0.001
Data:,0.001
Data:,0.001
Data:,0.001
Data:,0.001
Data:,0.001
Data:,0.001
Data:,0.001
Data:,0.001
Data:,0.001
Data:,0.001
Data:,0.001
Data:,0.001
Data:,0.001
Data:,0.001
Data:,0.001
Data:,0.001
Data:,0.001
Data:,0.001
Data:,0.001
Data:,0.001
Data:,0.001
Data:,0.001
Data:,0.001
Data:,0.001
Data:,0.001
Data:,0.001
Data:,0.001
Data:,0.001
Data:,0.001
Data:,0.001
Data:,0.001
Data:,0.001
Data:,0.001
Data:,0.002
Data:,0.001
Data:,0.001
Data:,0.001
Data:,0.001
Data:,0.001
Data:,0.001
Data:,0.001
Data:,0.001
Data:,0.001
Data:,0.001
Data:,0.001
Data:,0.001
Data:,0.001
Data:,0.001
Data:,0.001
Data:,0.001
Data:,0.001
Data:,0.001
Data:,0.001
Data:,0.001
Data:,0.001
Data:,0.001
Data:,0.001
Data:,0.001
Data:,0.001
Data:,0.001
Data:,0.001
Data:,0.001
Data:,0.001
Data:,0.001
Data:,0.001
Data:,0.001
Data:,0.001
Data:,0.001
Data:,0.001
Data:,0.001
Data:,0.001
Data:,0.001
Data:,0.001
Data:,0.001
Data:,0.001
Data:,0.001
Data:,0.001
Data:,0.001
Data:,0.001
Data:,0.001
Data:,0.001
Data:,0.001
Data:,0.001
Data:,0.001
Data:,0.001
Data:,0.001
Data:,0.001
Data:,0.001
Data:,0.001
Data:,0.001
Data:,0.001
Data:,0.001
Data:,0.001
Data:,0.001
Data:,0.001
Data:,0.001
Data:,0.001
Data:,0.001
Data:,0.001
Data:,0.001
Data:,0.001
Data:,0.001
Data:,0.001
Data:,0.001
Data:,0.001
Data:,0.001
Data:,0.001
Data:,0.001
Data:,0.001
Data:,0.001
Data:,0.001
Data:,0.001
Data:,0.001
Data:,0.001
Data:,0.001
Data:,0.001
Data:,0.001
Data:,0.001
Data:,0.001
Data:,0.001
Data:,0.001
Data:,0.001
Data:,0.001
Data:,0.001
Data:,0.001
Data:,0.001
Data:,0.001
Data:,0.001
Data:,0.001
Data:,0.001
Data:,0.001
Data:,0.001
Data:,0.001
Data:,0.001
Data:,0.003
Data:,0.003
Data:,0.001
Data:,0.001
Data:,0.001
Data:,0.001
Data:,0.001
Data:,0.001
Data:,0.001
Data:,0.001
Data:,0.001
Data:,0.001
Data:,0.001
Data:,0.001
Data:,0.002
Data:,0.002
Data:,0.001
Data:,0.001
Data:,0.001
Data:,0.001
Data:,0.001
Data:,0.001
Data:,0.001
Data:,0.001
Data:,0.001
Data:,0.001
Data:,0.002
Data:,0.002
Data:,0.001
Data:,0.001
Data:,0.001
Data:,0.001
Data:,0.001
Data:,0.002
Data:,0.003
Data:,0.002
Data:,0.001
Data:,0.002
Data:,0.001
Data:,0.001
Data:,0.001
Data:,0.001
Data:,0.001
Data:,0.001
Data:,0.001
Data:,0.001
Data:,0.001
Data:,0.001
Data:,0.001
Data:,0.001
Data:,0.001
Data:,0.001
Data:,0.001
Data:,0.001
Data:,0.001
Data:,0.001
Data:,0.001
Data:,0.001
Data:,0.001
Data:,0.001
Data:,0.001
Data:,0.001
Data:,0.001
Data:,0.001
Data:,0.001
Data:,0.001
Data:,0.001
Data:,0.001
Data:,0.001
Data:,0.001
Data:,0.001
Data:,0.001
Data:,0.001
Data:,0.001
Data:,0.001
Data:,0.001
Data:,0.001
Data:,0.001
Data:,0.001
Data:,0.001
Data:,0.001
Data:,0.001
Data:,0.001
Data:,0.001
Data:,0.001
Data:,0.001
Data:,0.001
Data:,0.001
Data:,0.001
Data:,0.001
Data:,0.001
Data:,0.001
Data:,0.001
Data:,0.001
Data:,0.001
Data:,0.001
Data:,0.001
Data:,0.001
Data:,0.001
Data:,0.001
Data:,0.002
Data:,0.001
Data:,0.002
Data:,0.002
Data:,0.002
Data:,0.001
Data:,0.001
Data:,0.001
Data:,0.001
Data:,0.001
Data:,0.001
Data:,0.001
Data:,0.001
Data:,0.001
Data:,0.001
Data:,0.001
Data:,0.001
Data:,0.001
Data:,0.001
Data:,0.001
Data:,0.001
Data:,0.001
Data:,0.001
Data:,0.001
Data:,0.001
Data:,0.001
Data:,0.001
Data:,0.001
Data:,0.001
Data:,0.001
Data:,0.001
Data:,0.001
Data:,0.001
Data:,0.001
Data:,0.001
Data:,0.001
Data:,0.001
Data:,0.001
Data:,0.001
Data:,0.001
Data:,0.001
Data:,0.001
Data:,0.001
Data:,0.001
Data:,0.001
Data:,0.001
Data:,0.001
Data:,0.001
Data:,0.001
Data:,0.001
Data:,0.001
Data:,0.001
Data:,0.001
Data:,0.001
Data:,0.001
Data:,0.001
Data:,0.001
Data:,0.001
Data:,0.001
Data:,0.001
Data:,0.001
Data:,0.001
Data:,0.001
Data:,0.001
Data:,0.001
Data:,0.001
Data:,0.001
Data:,0.001
Data:,0.001
Data:,0.001
Data:,0.001
Data:,0.001
Data:,0.001
Data:,0.001
Data:,0.001
Data:,0.001
Data:,0.001
Data:,0.001
Data:,0.001
Data:,0.001
Data:,0.001
Data:,0.001
Data:,0.001
Data:,0.001
Data:,0.001
Data:,0.001
Data:,0.001
Data:,0.001
Data:,0.001
Data:,0.001
Data:,0.001
Data:,0.001
Data:,0.001
Data:,0.001
Data:,0.001
Data:,0.001
Data:,0.001
Data:,0.001
Data:,0.001
Data:,0.001
Data:,0.001
Data:,0.001
Data:,0.001
Data:,0.001
Data:,0.001
Data:,0.001
Data:,0.001
Data:,0.001
Data:,0.001
Data:,0.001
Data:,0.001
Data:,0.001
Data:,0.001
Data:,0.001
Data:,0.001
Data:,0.001
Data:,0.001
Data:,0.001
Data:,0.001
Data:,0.001
Data:,0.001
Data:,0.001
Data:,0.002
Data:,0.002
Data:,0.001
Data:,0.001
Data:,0.001
Data:,0.001
Data:,0.001
Data:,0.001
Data:,0.001
Data:,0.001
Data:,0.001
Data:,0.001
Data:,0.001
Data:,0.001
Data:,0.001
Data:,0.001
Data:,0.001
Data:,0.001
Data:,0.001
Data:,0.001
Data:,0.001
Data:,0.001
Data:,0.001
Data:,0.001
Data:,0.001
Data:,0.001
Data:,0.001
Data:,0.001
Data:,0.001
Data:,0.002
Data:,0.002
Data:,0.001
Data:,0.001
Data:,0.001
Data:,0.001
Data:,0.001
Data:,0.001
Data:,0.001
Data:,0.001
Data:,0.001
Data:,0.001
Data:,0.001
Data:,0.001
Data:,0.001
Data:,0.001
Data:,0.001
Data:,0.001
Data:,0.001
Data:,0.001
Data:,0.001
Data:,0.001
Data:,0.001
Data:,0.001
Data:,0.001
Data:,0.001
Data:,0.001
Data:,0.001
Data:,0.001
Data:,0.001
Data:,0.001
Data:,0.001
Data:,0.001
Data:,0.001
Data:,0.001
Data:,0.001
Data:,0.001
Data:,0.001
Data:,0.001
Data:,0.001
Data:,0.001
Data:,0.001
Data:,0.001
Data:,0.001
Data:,0.001
Data:,0.001
Data:,0.001
Data:,0.001
Data:,0.001
Data:,0.001
Data:,0.001
Data:,0.001
Data:,0.001
Data:,0.001
Data:,0.001
Data:,0.001
Data:,0.001
Data:,0.001
Data:,0.001
Data:,0.001
Data:,0.001
Data:,0.001
Data:,0.001
Data:,0.001
Data:,0.001
Data:,0.001
Data:,0.001
Data:,0.001
Data:,0.001
Data:,0.001
Data:,0.001
Data:,0.001
Data:,0.001
Data:,0.001
Data:,0.001
Data:,0.001
Data:,0.001
Data:,0.001
Data:,0.001
Data:,0.001
Data:,0.001
Data:,0.001
Data:,0.001
Data:,0.001
Data:,0.001
Data:,0.001
Data:,0.001
Data:,0.001
Data:,0.001
Data:,0.001
Data:,0.002
Data:,0.003
Data:,0.002
Data:,0.001
Data:,0.001
Data:,0.001
Data:,0.001
Data:,0.001
Data:,0.001
Data:,0.001
Data:,0.001
Data:,0.001
Data:,0.001
Data:,0.001
Data:,0.001
Data:,0.001
Data:,0.001
Data:,0.001
Data:,0.001
Data:,0.001
Data:,0.001
Data:,0.001
Data:,0.001
Data:,0.001
Data:,0.001
Data:,0.001
Data:,0.001
Data:,0.001
Data:,0.001
Data:,0.002
Data:,0.002
Data:,0.001
Data:,0.001
Data:,0.001
Data:,0.001
Data:,0.001
Data:,0.001
Data:,0.001
Data:,0.001
Data:,0.001
Data:,0.001
Data:,0.001
Data:,0.001
Data:,0.001
Data:,0.001
Data:,0.001
Data:,0.001
Data:,0.001
Data:,0.001
Data:,0.001
Data:,0.001
Data:,0.001
Data:,0.001
Data:,0.001
Data:,0.001
Data:,0.001
Data:,0.001
Data:,0.001
Data:,0.001
Data:,0.001
Data:,0.001
Data:,0.001
Data:,0.001
Data:,0.001
Data:,0.001
Data:,0.001
Data:,0.001
Data:,0.001
Data:,0.001
Data:,0.001
Data:,0.001
Data:,0.001
Data:,0.001
Data:,0.001
Data:,0.001
Data:,0.001
Data:,0.001
Data:,0.001
Data:,0.001
Data:,0.001
Data:,0.001
Data:,0.001
Data:,0.001
Data:,0.001
Data:,0.001
Data:,0.001
Data:,0.001
Data:,0.001
Data:,0.001
Data:,0.001
Data:,0.001
Data:,0.001
Data:,0.001
Data:,0.001
Data:,0.001
Data:,0.001
Data:,0.001
Data:,0.001
Data:,0.001
Data:,0.001
Data:,0.001
Data:,0.001
Data:,0.001
Data:,0.001
Data:,0.001
Data:,0.001
Data:,0.001
Data:,0.001
Data:,0.001
Data:,0.001
Data:,0.001
Data:,0.001
Data:,0.001
Data:,0.001
Data:,0.001
Data:,0.001
Data:,0.001
Data:,0.001
Data:,0.001
Data:,0.001
Data:,0.001
Data:,0.002
Data:,0.001
Data:,0.001
Data:,0.001
Data:,0.001
Data:,0.001
Data:,0.001
Data:,0.001
Data:,0.001
Data:,0.001
Data:,0.001
Data:,0.001
Data:,0.001
Data:,0.001
Data:,0.001
Data:,0.001
Data:,0.001
Data:,0.001
Data:,0.001
Data:,0.001
Data:,0.001
Data:,0.001
Data:,0.001
Data:,0.001
Data:,0.001
Data:,0.001
Data:,0.001
Data:,0.001
Data:,0.001
Data:,0.001
Data:,0.001
Data:,0.001
Data:,0.001
Data:,0.001
Data:,0.001
Data:,0.001
Data:,0.001
Data:,0.001
Data:,0.002
Data:,0.001
Data:,0.001
Data:,0.001
Data:,0.001
Data:,0.001
Data:,0.001
Data:,0.001
Data:,0.001
Data:,0.001
Data:,0.001
Data:,0.001
Data:,0.001
Data:,0.001
Data:,0.001
Data:,0.001
Data:,0.001
Data:,0.001
Data:,0.001
Data:,0.001
Data:,0.001
Data:,0.001
Data:,0.001
Data:,0.001
Data:,0.001
Data:,0.001
Data:,0.001
Data:,0.001
Data:,0.001
Data:,0.001
Data:,0.001
Data:,0.001
Data:,0.001
Data:,0.001
Data:,0.001
Data:,0.001
Data:,0.001
Data:,0.001
Data:,0.001
Data:,0.001
Data:,0.001
Data:,0.001
Data:,0.001
Data:,0.001
Data:,0.001
Data:,0.001
Data:,0.001
Data:,0.001
Data:,0.001
Data:,0.001
Data:,0.001
Data:,0.001
Data:,0.001
Data:,0.002
Data:,0.002
Data:,0.002
Data:,0.001
Data:,0.001
Data:,0.001
Data:,0.001
Data:,0.001
Data:,0.001
Data:,0.001
Data:,0.001
Data:,0.001
Data:,0.001
Data:,0.001
Data:,0.001
Data:,0.001
Data:,0.001
Data:,0.001
Data:,0.001
Data:,0.001
Data:,0.001
Data:,0.001
Data:,0.001
Data:,0.001
Data:,0.001
Data:,0.001
Data:,0.001
Data:,0.001
Data:,0.001
Data:,0.002
Data:,0.002
Data:,0.001
Data:,0.001
Data:,0.001
Data:,0.001
Data:,0.001
Data:,0.001
Data:,0.001
Data:,0.001
Data:,0.001
Data:,0.001
Data:,0.001
Data:,0.001
Data:,0.001
Data:,0.001
Data:,0.001
Data:,0.001
Data:,0.001
Data:,0.001
Data:,0.001
Data:,0.001
Data:,0.001
Data:,0.001
Data:,0.001
Data:,0.001
Data:,0.001
Data:,0.001
Data:,0.001
Data:,0.001
Data:,0.001
Data:,0.001
Data:,0.001
Data:,0.001
Data:,0.001
Data:,0.001
Data:,0.001
Data:,0.001
Data:,0.002
Data:,0.001
Data:,0.001
Data:,0.001
Data:,0.001
Data:,0.001
Data:,0.001
Data:,0.001
Data:,0.001
Data:,0.001
Data:,0.001
Data:,0.001
Data:,0.001
Data:,0.001
Data:,0.001
Data:,0.001
Data:,0.001
Data:,0.001
Data:,0.001
Data:,0.001
Data:,0.001
Data:,0.001
Data:,0.001
Data:,0.001
Data:,0.001
Data:,0.001
Data:,0.001
Data:,0.001
Data:,0.001
Data:,0.001
Data:,0.001
Data:,0.001
Data:,0.001
Data:,0.001
Data:,0.001
Data:,0.001
Data:,0.001
Data:,0.002
Data:,0.001
Data:,0.001
Data:,0.001
Data:,0.001
Data:,0.001
Data:,0.001
Data:,0.001
Data:,0.001
Data:,0.001
Data:,0.001
Data:,0.001
Data:,0.001
Data:,0.001
Data:,0.001
Data:,0.001
Data:,0.001
Data:,0.001
Data:,0.001
Data:,0.001
Data:,0.001
Data:,0.001
Data:,0.001
Data:,0.001
Data:,0.001
Data:,0.001
Data:,0.001
Data:,0.001
Data:,0.001
Data:,0.001
Data:,0.001
Data:,0.001
Data:,0.001
Data:,0.001
Data:,0.001
Data:,0.001
Data:,0.001
Data:,0.001
Data:,0.001
Data:,0.001
Data:,0.001
Data:,0.001
Data:,0.001
Data:,0.001
Data:,0.001
Data:,0.002
Data:,0.001
Data:,0.001
Data:,0.001
Data:,0.001
Data:,0.001
Data:,0.001
Data:,0.001
Data:,0.001
Data:,0.001
Data:,0.001
Data:,0.001
Data:,0.001
Data:,0.001
Data:,0.001
Data:,0.001
Data:,0.001
Data:,0.001
Data:,0.001
Data:,0.001
Data:,0.001
Data:,0.001
Data:,0.001
Data:,0.001
Data:,0.002
Data:,0.002
Data:,0.001
Data:,0.001
Data:,0.001
Data:,0.001
Data:,0.001
Data:,0.001
Data:,0.001
Data:,0.001
Data:,0.001
Data:,0.001
Data:,0.001
Data:,0.001
Data:,0.001
Data:,0.001
Data:,0.001
Data:,0.001
Data:,0.001
Data:,0.001
Data:,0.001
Data:,0.001
Data:,0.001
Data:,0.001
Data:,0.001
Data:,0.001
Data:,0.001
Data:,0.001
Data:,0.001
Data:,0.001
Data:,0.001
Data:,0.001
Data:,0.001
Data:,0.001
Data:,0.001
Data:,0.001
Data:,0.001
Data:,0.001
Data:,0.001
Data:,0.001
Data:,0.001
Data:,0.001
Data:,0.001
Data:,0.001
Data:,0.001
Data:,0.001
Data:,0.001
Data:,0.001
Data:,0.001
Data:,0.001
Data:,0.001
Data:,0.001
Data:,0.001
Data:,0.001
Data:,0.001
Data:,0.001
Data:,0.001
Data:,0.001
Data:,0.001
Data:,0.001
Data:,0.001
Data:,0.001
Data:,0.001
Data:,0.001
Data:,0.001
Data:,0.001
Data:,0.001
Data:,0.001
Data:,0.001
Data:,0.001
Data:,0.001
Data:,0.001
Data:,0.001
Data:,0.001
Data:,0.001
Data:,0.001
Data:,0.001
Data:,0.001
Data:,0.001
Data:,0.001
Data:,0.001
Data:,0.001
Data:,0.001
Data:,0.001
Data:,0.001
Data:,0.001
Data:,0.001
Data:,0.001
Data:,0.001
Data:,0.001
Data:,0.002
Data:,0.001
Data:,0.001
Data:,0.001
Data:,0.001
Data:,0.001
Data:,0.002
Data:,0.002
Data:,0.001
Data:,0.001
Data:,0.001
Data:,0.001
Data:,0.002
Data:,0.001
Data:,0.001
Data:,0.001
Data:,0.001
Data:,0.001
Data:,0.001
Data:,0.001
Data:,0.001
Data:,0.001
Data:,0.001
Data:,0.001
Data:,0.001
Data:,0.001
Data:,0.001
Data:,0.001
Data:,0.001
Data:,0.001
Data:,0.001
Data:,0.001
Data:,0.001
Data:,0.001
Data:,0.001
Data:,0.001
Data:,0.001
Data:,0.001
Data:,0.001
Data:,0.001
Data:,0.001
Data:,0.001
Data:,0.001
Data:,0.001
Data:,0.001
Data:,0.001
Data:,0.001
Data:,0.001
Data:,0.001
Data:,0.001
Data:,0.001
Data:,0.001
Data:,0.001
Data:,0.001
Data:,0.001
Data:,0.001
Data:,0.001
Data:,0.001
Data:,0.001
Data:,0.001
Data:,0.001
Data:,0.001
Data:,0.001
Data:,0.001
Data:,0.001
Data:,0.001
Data:,0.001
Data:,0.001
Data:,0.001
Data:,0.001
Data:,0.001
Data:,0.001
Data:,0.001
Data:,0.001
Data:,0.001
Data:,0.001
Data:,0.001
Data:,0.001
Data:,0.001
Data:,0.001
Data:,0.001
Data:,0.001
Data:,0.001
Data:,0.001
Data:,0.001
Data:,0.001
Data:,0.001
Data:,0.001
Data:,0.001
Data:,0.001
Data:,0.001
Data:,0.001
Data:,0.001
Data:,0.001
Data:,0.001
Data:,0.001
Data:,0.001
Data:,0.001
Data:,0.001
Data:,0.001
Data:,0.001
Data:,0.001
Data:,0.001
Data:,0.001
Data:,0.001
Data:,0.001
Data:,0.001
Data:,0.001
Data:,0.001
Data:,0.001
Data:,0.001
Data:,0.001
Data:,0.001
Data:,0.001
Data:,0.001
Data:,0.001
Data:,0.001
Data:,0.001
Data:,0.001
Data:,0.001
Data:,0.001
Data:,0.001
Data:,0.001
Data:,0.001
Data:,0.001
Data:,0.001
Data:,0.002
Data:,0.002
Data:,0.006
Data:,0.006
Data:,0.001
Data:,0.001
Data:,0.001
Data:,0.001
Data:,0.001
Data:,0.001
Data:,0.001
Data:,0.001
Data:,0.001
Data:,0.001
Data:,0.001
Data:,0.001
Data:,0.001
Data:,0.001
Data:,0.001
Data:,0.001
Data:,0.001
Data:,0.001
Data:,0.001
Data:,0.001
Data:,0.001
Data:,0.001
Data:,0.001
Data:,0.001
Data:,0.001
Data:,0.001
Data:,0.002
Data:,0.001
Data:,0.001
Data:,0.001
Data:,0.001
Data:,0.001
Data:,0.001
Data:,0.001
Data:,0.001
Data:,0.001
Data:,0.001
Data:,0.001
Data:,0.001
Data:,0.001
Data:,0.001
Data:,0.001
Data:,0.001
Data:,0.001
Data:,0.001
Data:,0.001
Data:,0.001
Data:,0.001
Data:,0.001
Data:,0.001
Data:,0.001
Data:,0.001
Data:,0.001
Data:,0.001
Data:,0.001
Data:,0.001
Data:,0.001
Data:,0.001
Data:,0.001
Data:,0.001
Data:,0.001
Data:,0.001
Data:,0.001
Data:,0.001
Data:,0.001
Data:,0.001
Data:,0.001
Data:,0.001
Data:,0.001
Data:,0.001
Data:,0.001
Data:,0.001
Data:,0.001
Data:,0.001
Data:,0.001
Data:,0.001
Data:,0.001
Data:,0.001
Data:,0.001
Data:,0.001
Data:,0.001
Data:,0.001
Data:,0.001
Data:,0.001
Data:,0.001
Data:,0.001
Data:,0.001
Data:,0.001
Data:,0.001
Data:,0.001
Data:,0.001
Data:,0.001
Data:,0.001
Data:,0.001
Data:,0.001
Data:,0.001
Data:,0.001
Data:,0.001
Data:,0.001
Data:,0.001
Data:,0.001
Data:,0.001
Data:,0.001
Data:,0.001
Data:,0.001
Data:,0.001
Data:,0.001
Data:,0.001
Data:,0.001
Data:,0.001
Data:,0.001
Data:,0.001
Data:,0.001
Data:,0.001
Data:,0.001
Data:,0.001
Data:,0.002
Data:,0.001
Data:,0.001
Data:,0.001
Data:,0.001
Data:,0.001
Data:,0.001
Data:,0.001
Data:,0.001
Data:,0.001
Data:,0.001
Data:,0.001
Data:,0.001
Data:,0.001
Data:,0.001
Data:,0.001
Data:,0.001
Data:,0.001
Data:,0.001
Data:,0.001
Data:,0.002
Data:,0.001
Data:,0.001
Data:,0.001
Data:,0.001
Data:,0.001
Data:,0.001
Data:,0.001
Data:,0.001
Data:,0.001
Data:,0.001
Data:,0.001
Data:,0.001
Data:,0.001
Data:,0.001
Data:,0.001
Data:,0.001
Data:,0.001
Data:,0.001
Data:,0.001
Data:,0.001
Data:,0.001
Data:,0.001
Data:,0.001
Data:,0.001
Data:,0.001
Data:,0.001
Data:,0.001
Data:,0.001
Data:,0.001
Data:,0.001
Data:,0.001
Data:,0.001
Data:,0.001
Data:,0.001
Data:,0.001
Data:,0.001
Data:,0.001
Data:,0.001
Data:,0.001
Data:,0.001
Data:,0.001
Data:,0.001
Data:,0.001
Data:,0.001
Data:,0.001
Data:,0.001
Data:,0.001
Data:,0.002
Data:,0.002
Data:,0.001
Data:,0.001
Data:,0.001
Data:,0.001
Data:,0.001
Data:,0.001
Data:,0.001
Data:,0.001
Data:,0.001
Data:,0.001
Data:,0.001
Data:,0.001
Data:,0.001
Data:,0.001
Data:,0.001
Data:,0.001
Data:,0.001
Data:,0.001
Data:,0.001
Data:,0.001
Data:,0.001
Data:,0.001
Data:,0.001
Data:,0.001
Data:,0.001
Data:,0.001
Data:,0.001
Data:,0.001
Data:,0.001
Data:,0.001
Data:,0.001
Data:,0.001
Data:,0.001
Data:,0.001
Data:,0.001
Data:,0.001
Data:,0.001
Data:,0.001
Data:,0.001
Data:,0.001
Data:,0.001
Data:,0.001
Data:,0.001
Data:,0.001
Data:,0.001
Data:,0.001
Data:,0.001
Data:,0.001
Data:,0.001
Data:,0.001
Data:,0.001
Data:,0.001
Data:,0.001
Data:,0.001
Data:,0.001
Data:,0.001
Data:,0.001
Data:,0.001
Data:,0.001
Data:,0.001
Data:,0.001
Data:,0.001
Data:,0.001
Data:,0.001
Data:,0.001
Data:,0.001
Data:,0.001
Data:,0.001
Data:,0.001
Data:,0.001
Data:,0.001
Data:,0.001
Data:,0.001
Data:,0.001
Data:,0.001
Data:,0.001
Data:,0.001
Data:,0.001
Data:,0.001
Data:,0.001
Data:,0.001
Data:,0.001
Data:,0.001
Data:,0.001
Data:,0.001
Data:,0.001
Data:,0.001
Data:,0.001
Data:,0.001
Data:,0.001
Data:,0.001
Data:,0.0
Data:,0.001
Data:,0.001
Data:,0.001
Data:,0.001
Data:,0.001
Data:,0.001
Data:,0.001
Data:,0.001
Data:,0.001
Data:,0.001
Data:,0.001
Data:,0.001
Data:,0.001
Data:,0.001
Data:,0.001
Data:,0.001
Data:,0.001
Data:,0.001
Data:,0.001
Data:,0.001
Data:,0.001
Data:,0.001
Data:,0.001
Data:,0.001
Data:,0.001
Data:,0.001
Data:,0.001
Data:,0.001
Data:,0.001
Data:,0.001
Data:,0.001
Data:,0.001
Data:,0.001
Data:,0.001
Data:,0.001
Data:,0.001
Data:,0.001
Data:,0.001
Data:,0.001
Data:,0.001
Data:,0.001
Data:,0.001
Data:,0.001
Data:,0.001
Data:,0.001
Data:,0.001
Data:,0.001
Data:,0.001
Data:,0.001
Data:,0.001
Data:,0.001
Data:,0.001
Data:,0.001
Data:,0.001
Data:,0.001
Data:,0.001
Data:,0.001
Data:,0.001
Data:,0.001
Data:,0.001
Data:,0.001
Data:,0.001
Data:,0.001
Data:,0.001
Data:,0.001
Data:,0.001
Data:,0.001
Data:,0.001
Data:,0.001
Data:,0.001
Data:,0.001
Data:,0.001
Data:,0.001
Data:,0.001
Data:,0.001
Data:,0.001
Data:,0.001
Data:,0.001
Data:,0.002
Data:,0.002
Data:,0.001
Data:,0.001
Data:,0.001
Data:,0.001
Data:,0.001
Data:,0.001
Data:,0.001
Data:,0.001
Data:,0.001
Data:,0.001
Data:,0.001
Data:,0.001
Data:,0.001
Data:,0.001
Data:,0.001
Data:,0.001
Data:,0.001
Data:,0.001
Data:,0.001
Data:,0.001
Data:,0.001
Data:,0.001
Data:,0.001
Data:,0.001
Data:,0.001
Data:,0.001
Data:,0.001
Data:,0.001
Data:,0.001
Data:,0.001
Data:,0.001
Data:,0.001
Data:,0.001
Data:,0.001
Data:,0.001
Data:,0.001
Data:,0.001
Data:,0.001
Data:,0.001
Data:,0.001
Data:,0.001
Data:,0.001
Data:,0.001
Data:,0.001
Data:,0.001
Data:,0.001
Data:,0.001
Data:,0.001
Data:,0.001
Data:,0.001
Data:,0.001
Data:,0.001
Data:,0.001
Data:,0.001
Data:,0.001
Data:,0.001
Data:,0.001
Data:,0.001
Data:,0.001
Data:,0.001
Data:,0.001
Data:,0.001
Data:,0.001
Data:,0.001
Data:,0.001
Data:,0.001
Data:,0.001
Data:,0.001
Data:,0.001
Data:,0.001
Data:,0.001
Data:,0.001
Data:,0.001
Data:,0.001
Data:,0.001
Data:,0.001
Data:,0.001
Data:,0.001
Data:,0.001
Data:,0.001
Data:,0.001
Data:,0.001
Data:,0.001
Data:,0.001
Data:,0.001
Data:,0.001
Data:,0.001
Data:,0.001
Data:,0.001
Data:,0.001
Data:,0.001
Data:,0.001
Data:,0.001
Data:,0.001
Data:,0.001
Data:,0.001
Data:,0.001
Data:,0.001
Data:,0.001
Data:,0.001
Data:,0.001
Data:,0.001
Data:,0.001
Data:,0.001
Data:,0.001
Data:,0.001
Data:,0.001
Data:,0.001
Data:,0.001
Data:,0.001
Data:,0.001
Data:,0.001
Data:,0.001
Data:,0.001
Data:,0.001
Data:,0.001
Data:,0.001
Data:,0.002
Data:,0.001
Data:,0.001
Data:,0.001
Data:,0.001
Data:,0.001
Data:,0.001
Data:,0.001
Data:,0.001
Data:,0.001
Data:,0.001
Data:,0.001
Data:,0.001
Data:,0.001
Data:,0.001
Data:,0.001
Data:,0.002
Data:,0.002
Data:,0.001
Data:,0.001
Data:,0.001
Data:,0.001
Data:,0.001
Data:,0.001
Data:,0.001
Data:,0.002
Data:,0.001
Data:,0.001
Data:,0.001
Data:,0.001
Data:,0.001
Data:,0.001
Data:,0.001
Data:,0.001
Data:,0.001
Data:,0.001
Data:,0.001
Data:,0.001
Data:,0.001
Data:,0.001
Data:,0.001
Data:,0.001
Data:,0.001
Data:,0.001
Data:,0.001
Data:,0.001
Data:,0.001
Data:,0.001
Data:,0.001
Data:,0.001
Data:,0.001
Data:,0.001
Data:,0.001
Data:,0.001
Data:,0.001
Data:,0.001
Data:,0.001
Data:,0.001
Data:,0.001
Data:,0.001
Data:,0.001
Data:,0.001
Data:,0.001
Data:,0.001
Data:,0.001
Data:,0.001
Data:,0.001
Data:,0.001
Data:,0.001
Data:,0.001
Data:,0.001
Data:,0.001
Data:,0.001
Data:,0.001
Data:,0.001
Data:,0.001
Data:,0.001
Data:,0.001
Data:,0.001
Data:,0.001
Data:,0.001
Data:,0.001
Data:,0.001
Data:,0.001
Data:,0.001
Data:,0.001
Data:,0.001
Data:,0.001
Data:,0.001
Data:,0.001
Data:,0.001
Data:,0.001
Data:,0.001
Data:,0.001
Data:,0.001
Data:,0.001
Data:,0.001
Data:,0.001
Data:,0.001
Data:,0.001
Data:,0.001
Data:,0.001
Data:,0.001
Data:,0.001
Data:,0.001
Data:,0.001
Data:,0.001
Data:,0.001
Data:,0.001
Data:,0.001
Data:,0.001
Data:,0.001
Data:,0.001
Data:,0.001
Data:,0.001
Data:,0.001
Data:,0.001
Data:,0.001
Data:,0.001
Data:,0.001
Data:,0.002
Data:,0.002
Data:,0.001
Data:,0.001
Data:,0.001
Data:,0.001
Data:,0.001
Data:,0.001
Data:,0.001
Data:,0.001
Data:,0.001
Data:,0.001
Data:,0.001
Data:,0.001
Data:,0.001
Data:,0.001
Data:,0.001
Data:,0.001
Data:,0.001
Data:,0.001
Data:,0.001
Data:,0.001
Data:,0.001
Data:,0.001
Data:,0.001
Data:,0.001
Data:,0.001
Data:,0.001
Data:,0.001
Data:,0.001
Data:,0.001
Data:,0.001
Data:,0.001
Data:,0.001
Data:,0.001
Data:,0.001
Data:,0.001
Data:,0.001
Data:,0.001
Data:,0.001
Data:,0.001
Data:,0.001
Data:,0.001
Data:,0.001
Data:,0.001
Data:,0.001
Data:,0.001
Data:,0.001
Data:,0.001
Data:,0.001
Data:,0.001
Data:,0.001
Data:,0.001
Data:,0.001
Data:,0.001
Data:,0.001
Data:,0.001
Data:,0.001
Data:,0.001
Data:,0.001
Data:,0.001
Data:,0.001
Data:,0.001
Data:,0.002
Data:,0.002
Data:,0.001
Data:,0.001
Data:,0.001
Data:,0.001
Data:,0.001
Data:,0.001
Data:,0.001
Data:,0.001
Data:,0.001
Data:,0.001
Data:,0.001
Data:,0.001
Data:,0.001
Data:,0.001
Data:,0.001
Data:,0.001
Data:,0.001
Data:,0.001
Data:,0.001
Data:,0.001
Data:,0.001
Data:,0.001
Data:,0.001
Data:,0.001
Data:,0.001
Data:,0.001
Data:,0.001
Data:,0.001
Data:,0.001
Data:,0.001
Data:,0.001
Data:,0.001
Data:,0.001
Data:,0.001
Data:,0.001
Data:,0.001
Data:,0.001
Data:,0.001
Data:,0.001
Data:,0.001
Data:,0.001
Data:,0.001
Data:,0.001
Data:,0.001
Data:,0.001
Data:,0.001
Data:,0.001
Data:,0.001
Data:,0.001
Data:,0.001
Data:,0.001
Data:,0.001
Data:,0.001
Data:,0.001
Data:,0.001
Data:,0.001
Data:,0.002
Data:,0.001
Data:,0.001
Data:,0.001
Data:,0.001
Data:,0.001
Data:,0.001
Data:,0.001
Data:,0.001
Data:,0.001
Data:,0.001
Data:,0.001
Data:,0.001
Data:,0.001
Data:,0.001
Data:,0.001
Data:,0.001
Data:,0.001
Data:,0.001
Data:,0.001
Data:,0.001
Data:,0.001
Data:,0.001
Data:,0.001
Data:,0.001
Data:,0.001
Data:,0.001
Data:,0.001
Data:,0.001
Data:,0.001
Data:,0.001
Data:,0.001
Data:,0.001
Data:,0.001
Data:,0.001
Data:,0.001
Data:,0.001
Data:,0.001
Data:,0.001
Data:,0.001
Data:,0.001
Data:,0.001
Data:,0.001
Data:,0.001
Data:,0.001
Data:,0.001
Data:,0.001
Data:,0.001
Data:,0.001
Data:,0.001
Data:,0.001
Data:,0.001
Data:,0.001
Data:,0.001
Data:,0.001
Data:,0.001
Data:,0.001
Data:,0.001
Data:,0.001
Data:,0.001
Data:,0.001
Data:,0.001
Data:,0.001
Data:,0.001
Data:,0.001
Data:,0.001
Data:,0.001
Data:,0.001
Data:,0.001
Data:,0.001
Data:,0.001
Data:,0.001
Data:,0.001
Data:,0.001
Data:,0.001
Data:,0.001
Data:,0.001
Data:,0.001
Data:,0.001
Data:,0.001
Data:,0.001
Data:,0.001
Data:,0.001
Data:,0.001
Data:,0.001
Data:,0.001
Data:,0.001
Data:,0.001
Data:,0.001
Data:,0.001
Data:,0.001
Data:,0.001
Data:,0.001
Data:,0.001
Data:,0.001
Data:,0.001
Data:,0.001
Data:,0.001
Data:,0.001
Data:,0.001
Data:,0.001
Data:,0.001
Data:,0.001
Data:,0.001
Data:,0.001
Data:,0.001
Data:,0.001
Data:,0.001
Data:,0.001
Data:,0.001
Data:,0.001
Data:,0.001
Data:,0.001
Data:,0.001
Data:,0.001
Data:,0.001
Data:,0.001
Data:,0.001
Data:,0.001
Data:,0.002
Data:,0.002
Data:,0.001
Data:,0.001
Data:,0.001
Data:,0.002
Data:,0.001
Data:,0.001
Data:,0.001
Data:,0.001
Data:,0.001
Data:,0.001
Data:,0.002
Data:,0.002
Data:,0.001
Data:,0.001
Data:,0.001
Data:,0.001
Data:,0.001
Data:,0.001
Data:,0.001
Data:,0.001
Data:,0.001
Data:,0.001
Data:,0.001
Data:,0.001
Data:,0.001
Data:,0.001
Data:,0.001
Data:,0.001
Data:,0.001
Data:,0.001
Data:,0.001
Data:,0.001
Data:,0.001
Data:,0.001
Data:,0.001
Data:,0.001
Data:,0.001
Data:,0.001
Data:,0.001
Data:,0.001
Data:,0.001
Data:,0.001
Data:,0.001
Data:,0.001
Data:,0.001
Data:,0.001
Data:,0.001
Data:,0.001
Data:,0.001
Data:,0.001
Data:,0.001
Data:,0.001
Data:,0.001
Data:,0.001
Data:,0.001
Data:,0.001
Data:,0.001
Data:,0.001
Data:,0.001
Data:,0.001
Data:,0.001
Data:,0.001
Data:,0.001
Data:,0.001
Data:,0.001
Data:,0.001
Data:,0.001
Data:,0.001
Data:,0.001
Data:,0.001
Data:,0.001
Data:,0.001
Data:,0.001
Data:,0.001
Data:,0.001
Data:,0.001
Data:,0.001
Data:,0.001
Data:,0.001
Data:,0.001
Data:,0.001
Data:,0.001
Data:,0.001
Data:,0.001
Data:,0.001
Data:,0.001
Data:,0.001
Data:,0.001
Data:,0.001
Data:,0.001
Data:,0.001
Data:,0.001
Data:,0.001
Data:,0.001
Data:,0.001
Data:,0.001
Data:,0.001
Data:,0.001
Data:,0.001
Data:,0.001
Data:,0.001
Data:,0.001
Data:,0.001
Data:,0.001
Data:,0.001
Data:,0.001
Data:,0.001
Data:,0.001
Data:,0.001
Data:,0.002
Data:,0.002
Data:,0.001
Data:,0.001
Data:,0.001
Data:,0.001
Data:,0.001
Data:,0.001
Data:,0.002
Data:,0.002
Data:,0.002
Data:,0.001
Data:,0.002
Data:,0.001
Data:,0.001
Data:,0.001
Data:,0.001
Data:,0.021
Data:,0.021
Data:,0.001
Data:,0.001
Data:,0.001
Data:,0.001
Data:,0.001
Data:,0.001
Data:,0.001
Data:,0.001
Data:,0.001
Data:,0.002
Data:,0.002
Data:,0.001
Data:,0.001
Data:,0.001
Data:,0.001
Data:,0.001
Data:,0.001
Data:,0.001
Data:,0.001
Data:,0.001
Data:,0.001
Data:,0.001
Data:,0.001
Data:,0.001
Data:,0.001
Data:,0.001
Data:,0.001
Data:,0.001
Data:,0.001
Data:,0.001
Data:,0.001
Data:,0.001
Data:,0.001
Data:,0.001
Data:,0.001
Data:,0.001
Data:,0.001
Data:,0.001
Data:,0.001
Data:,0.001
Data:,0.001
Data:,0.001
Data:,0.001
Data:,0.001
Data:,0.001
Data:,0.001
Data:,0.001
Data:,0.001
Data:,0.002
Data:,0.005
Data:,0.004
Data:,0.003
Data:,0.003
Data:,0.001
Data:,0.001
Data:,0.002
Data:,0.001
Data:,0.001
Data:,0.001
